-1.719591215	9.461882738
-2.125480258	9.331872029
-2.743934816	9.539062486
-2.237917601	8.746668522
-2.740906469	9.672983161
-2.7420625	9.113085931
-2.388216487	10.05191656
-3.465837745	8.669692219
-3.371656539	9.88226803
-2.790341388	9.11324152
-3.015613183	8.688577126
-2.352073957	8.772343211
-2.963209661	8.854112474
-3.215349474	9.226369101
-1.776373239	9.275703872
-2.622085773	8.727436126
-2.475433521	9.002108832
-3.221571716	10.08542131
-2.781388985	9.878057713
-2.453736328	9.232447963
-3.084694412	9.033287867
-2.321348614	9.074301792
-2.809516968	9.321045115
-2.655044498	8.502889846
-2.810050929	8.885597859
-1.583058531	8.179994091
-2.515946235	9.21389769
-3.038053088	9.337884098
-2.097925167	8.772692897
-3.119619448	9.80127951
-2.404765826	8.401403297
-3.489032685	8.282098688
-3.173290648	9.126512037
-2.410767005	9.53783528
-2.139964333	9.856249974
-2.423513482	8.784843997
-2.567021764	9.553626545
-2.659749471	8.995031893
-3.248458618	8.927972478
-2.869119727	9.456116097
-2.739517009	9.340447567
-1.98063651	8.22609005
-2.337388478	9.752556303
-3.390717701	9.704331805
-2.347155638	8.701504777
-2.701738763	9.212187895
-2.847658623	9.261301221
-2.203359479	9.144623011
-1.993697862	8.739133551
-2.043557563	8.678474444
-2.928806385	9.001509093
-2.663803811	9.600650638
-2.343565907	9.286086205
-2.021425059	8.828978962
-2.748784742	9.400135484
-2.602027111	7.590014818
-3.06236511	9.588668978
-3.107300935	8.144429239
-2.102934712	8.833065657
-1.831077609	8.454451181
-2.545202684	8.36694539
-2.007431174	9.594699522
-2.328379611	8.780435528
-2.8317575	9.187538069
-2.32849982	8.990825839
-1.74017934	9.252806542
-2.527110643	9.052697074
-1.726875795	8.372790016
-3.819070175	9.512419538
-2.098246371	8.767407837
-2.465674089	8.235995179
-2.658701298	8.800228548
-2.463317235	9.764666024
-3.50298208	9.439396999
-2.619033567	8.839960061
-2.330641337	8.839657276
-1.770250601	8.853468603
-2.768332732	10.05266012
-2.913444424	9.205253854
-2.760076145	9.229306952
-2.051496564	9.529427855
-2.344822068	9.133680708
-2.774077725	8.884765055
-2.252563906	8.916111204
-2.460658848	8.978485498
-2.024875128	8.99567501
-2.86022417	9.3781009
-2.673028696	9.040259071
-2.7052517	9.380606167
-3.240955097	8.973927838
-2.361137485	9.053603723
-2.378669987	8.015185786
-2.506640895	9.472449966
-2.62649119	9.187530366
-3.216882994	9.513291183
-2.719520284	7.566158439
-2.680554881	10.05847348
-2.910336258	8.944491314
-2.589840479	9.568377537
-2.307172195	8.494333165
-1.566104672	9.320673081
-2.421908717	8.487578347
-2.380422428	8.702401648
-2.546420581	9.971301805
-3.468583231	8.918944928
-2.522454561	9.123002565
-2.479082518	9.449319994
-1.277576567	9.262127072
-2.605378105	9.089495581
-2.358423952	9.196766629
-2.526553508	10.21599392
-3.093536642	8.98547673
-1.937786216	9.114835652
-2.133231107	9.539613326
-2.11368165	9.567049095
-2.96389135	9.607801281
-1.807800468	9.333651239
-3.210123154	8.442783672
-2.215769076	9.831001894
-1.41396981	8.441113432
-3.004465786	9.165603861
-2.792346488	8.637148203
-2.459371941	8.982216955
-2.76093545	9.178667333
-3.284529339	9.174964736
-2.474916136	9.225246505
-3.04034948	9.821141763
-2.272401408	9.241053279
-2.96890974	8.892207811
-1.734230421	9.496329712
-2.900824269	9.609021373
-2.670228381	8.400482221
-2.102439014	9.312986163
-3.124629781	9.364872499
-2.395467656	8.865504377
-1.855626246	9.702139535
-3.31293924	8.939258335
-2.416880694	9.077074355
-2.379256226	8.927750216
-2.118286187	9.022075652
-3.127672978	8.466148585
-3.16942593	8.294260687
-2.24822684	9.81153866
-2.360705286	8.590805454
-2.383951198	8.518589953
-2.335973518	7.937591071
-2.849209984	8.694805254
-2.393070774	8.352741231
-2.362661386	9.835293708
-2.866373332	9.519194673
-1.576310367	8.670210956
-2.272281163	10.14050403
-3.104849372	9.505168872
-2.180920819	8.851870436
-2.996538458	7.764583271
-2.115655321	10.15975741
-1.929899834	8.319499895
-2.919538782	8.191586755
-2.027509558	9.525571344
-2.30280716	10.23416233
-2.098167543	9.706422537
-1.560801132	9.296240688
-2.631891681	9.311663299
-2.886065705	9.440993908
-2.953954838	9.393750423
-2.917102766	9.15488184
-2.547748478	9.06638668
-2.338621636	8.982989564
-2.370852223	8.637303834
-2.095605999	8.87394859
-2.502696677	8.167807721
-1.782430584	8.965116315
-2.64152604	8.519990575
-1.14911304	8.46249147
-2.196363949	9.104233204
-2.937776401	9.710287271
-3.044643872	9.473444431
-2.267961415	8.229035826
-2.620929016	8.51947206
-2.152197376	9.484671722
-2.272578811	8.523042431
-2.545612079	8.901969553
-2.932594482	9.289312178
-3.266621235	8.530113901
-2.732455099	9.066973881
-2.080998226	8.347273381
-2.402150751	8.713602306
-3.132067012	9.174177095
-2.42260716	8.217789261
-2.316538933	9.234523497
-2.951126341	9.004467229
-2.43233507	9.290531105
-2.480093264	9.126243195
-3.080682772	9.696356343
-2.330303943	9.07689838
-2.22880536	8.799583358
-1.967672001	9.07543488
-1.982296597	9.285935143
-3.198032307	9.038716163
-2.978110143	9.034581974
-2.251679989	8.663290284
-2.252304648	8.682835669
-2.25167378	8.312983492
-0.582831878	9.8890745
-2.223752368	8.392354511
-1.941414803	8.667833529
-2.032196741	8.655082495
-2.183501997	9.461748317
-2.666832245	8.866811289
-2.129713013	9.638157165
-2.89561023	8.677540816
-2.627606926	9.153783209
-2.751879397	8.596612602
-2.468260553	10.08686069
-1.35186834	8.420486919
-3.442830219	9.169196483
-2.166067528	9.331174569
-3.315555559	9.221185677
-2.745163556	8.921642299
-1.964722325	8.949375778
-2.477057614	9.036191864
-3.048070012	8.940785127
-2.866849478	9.496225687
-2.169398749	10.11954763
-2.874380939	8.735540236
-2.400968328	8.329384638
-2.486411703	8.970145104
-2.834997797	10.3041408
-1.437225578	8.612448844
-2.192238112	9.833844531
-3.521768916	9.853136535
-2.415970466	8.737492007
-2.840090855	9.298777668
-2.082980956	9.82848444
-2.905457992	8.824722258
-2.566565844	8.912495948
-2.256703984	8.723445671
-2.076320026	8.506907763
-3.109345827	8.689647356
-2.676448241	8.402315995
-2.746670279	9.031327862
-2.835862239	8.629299513
-1.626470503	9.131179084
-2.306706768	8.236338305
-3.1396396	9.179726244
-2.05026665	9.431050609
-1.448119525	8.017418307
-1.992964993	9.201314413
-3.268882606	9.628120624
-2.751314659	8.409465619
-1.875742048	9.850572322
-2.863032356	9.223795633
-2.287287909	8.6617802
-2.121880596	8.986401589
-2.972662859	9.293449584
-2.538960301	9.052288824
-4.129831293	9.283664124
-3.021391444	8.553949332
-2.635481699	9.09896654
-3.133089214	8.30742888
-1.692991971	8.958673098
-3.224268312	8.562332307
-2.729219866	8.646521157
-2.443827334	9.632332716
-1.788560979	9.559941188
-3.227128699	9.318855189
-1.927615747	8.468129746
-2.504081093	8.856081903
-2.999951949	9.620834978
-2.278145886	9.085144585
-2.409667775	10.1739509
-2.809306062	9.210945048
-2.474296581	9.110310686
-2.701854421	8.859727896
-2.45243895	9.081056581
-2.178132286	8.93805121
-1.716189215	9.368340467
-3.128105372	9.492637287
-1.442680936	8.621291398
-3.485241523	8.348669651
-2.585090171	8.096183442
-2.21503902	9.268281792
-2.368701689	8.462602825
-2.820547383	7.937840832
-2.613258748	9.20857543
-2.75569809	10.26078589
-2.803880002	9.011250672
-2.084396575	9.433531515
-2.33068988	9.055200807
-2.855652421	8.964841302
-2.059397685	9.47382437
-2.355547863	8.869148856
-2.102766564	9.147982285
-2.194383202	9.175135031
-2.923695129	8.680240901
-2.789288143	9.510307303
-2.13555082	8.92680625
-2.20401249	8.636413548
-2.51964842	9.28254105
-2.450533931	8.565052137
-1.870365175	9.028376707
-2.804983317	9.00972663
-2.235648932	9.557233911
-2.610293949	9.251635245
-2.618038225	9.001772649
-1.959809197	9.423169278
-2.096489449	9.709389903
-2.102442805	9.293191281
-1.856458219	9.019462438
-2.498695702	8.358368012
-2.168221137	8.481729297
-2.664331001	8.861673776
-2.347114447	8.709530027
-2.57426915	8.920800477
-2.460699641	9.042611091
-2.21161911	9.279132505
-2.918307965	8.979036739
-1.463003985	9.25753695
-3.012206314	9.046523336
-3.116291929	8.026552845
-1.930142186	8.544618431
-2.113366276	8.94224235
-2.197137715	8.409438757
-2.195024868	9.314250493
-2.515321009	9.779661544
-2.957824809	9.623667054
-2.471295344	8.907564693
-2.847778479	9.759649197
-2.021637756	9.088619857
-2.582726314	8.845743143
-2.921946221	8.707584796
-2.669890544	8.863051285
-2.302731896	8.820197719
-2.791059899	9.099494239
-2.920307821	9.094573119
-2.387354017	9.015809138
-2.386714337	9.232755213
-2.762669211	9.609609266
-2.744716776	9.489063196
-2.393172654	8.271837144
-3.233239794	7.737325561
-3.21292951	9.481446084
-2.868419734	8.330846779
-2.615921199	8.901903427
-2.35374384	8.429229615
-1.771519515	8.113295909
-2.080367811	9.285017492
-2.589166888	9.393863708
-2.518705727	8.726030928
-3.010462305	7.718764982
-2.518454191	8.741163904
-2.653526943	9.210188131
-2.347838343	8.274830344
-2.922813095	9.105966088
-2.249524366	9.006631204
-1.742828167	9.303931878
-2.563577697	9.074076312
-2.308341762	8.527751658
-2.164125627	9.612571879
-2.709807859	8.935021342
-2.397151382	9.000633858
-2.502901423	8.547652149
-2.460359574	8.792645003
-2.895702515	8.571884771
-2.496942536	8.927813098
-2.260198477	9.870140368
-1.783625819	8.328335557
-2.02956221	8.207505429
-1.432606394	9.749871292
-2.892871404	8.90962429
-2.073037305	8.679749759
-2.41752662	9.534238472
-1.414296156	8.711478358
-2.913346766	9.927290985
-2.929058544	9.353249064
-2.808893946	8.770330424
-3.571145485	10.09294023
-2.772075134	8.711428667
-2.888763954	9.385333814
-2.43400073	9.163932418
-2.338319635	9.665156773
-1.571112203	9.795041727
-2.033985704	9.030288203
-2.797649451	8.637577193
-2.958404959	9.2442722
-2.263238037	8.675428443
-3.169314227	10.02097975
-1.59346824	9.082553794
-1.919477563	8.831625353
-2.743785449	9.106626281
-3.365764888	8.340722983
-1.832261436	8.528479109
-2.566467546	9.614493082
-1.890289467	8.685838989
-3.306411452	8.490830637
-2.808885135	9.282612504
-2.506575773	9.607138206
-2.485707326	9.373762784
-2.734230359	9.512309971
-2.197772657	8.635888584
-3.043007838	8.303380795
-2.580387366	9.764952954
-2.449049807	8.852946209
-2.251978206	8.88886962
-2.153390184	9.678383199
-3.071518669	9.292401133
-3.276254708	9.242230014
-1.870359212	10.0967873
-2.343040617	8.692527013
-2.883440891	9.478206192
-1.733621635	9.042792691
-2.451360306	9.148582268
-1.919549031	9.778520341
-2.475438382	9.268204006
-1.478823661	9.283434168
-1.631527202	9.550539797
-2.633679697	8.831809763
-2.023412148	8.594681295
-2.186509648	8.491881531
-1.824881844	8.031107834
-2.991659353	10.04238969
-2.166171893	8.462681945
-1.97998538	8.903659316
-3.388567366	8.875879478
-3.100826879	9.167989477
-3.528813712	9.422154734
-2.64390104	9.444522872
-2.150426495	8.722747409
-1.758019097	8.930725271
-2.472150233	9.155576103
-1.69488985	8.889940565
-3.199248352	9.817958916
-3.360888843	9.259773604
-2.536971473	9.381725021
-2.317164899	9.345726763
-2.525544997	9.601023057
-3.542918673	9.104796908
-2.553757643	8.365870154
-3.161432373	9.214130104
-2.174361349	8.688607681
-2.3258985	8.749977787
-2.979137516	9.307468138
-2.766131082	9.633427664
-3.038804384	9.024921917
-2.540537172	9.168702634
-2.031626463	9.865393601
-3.002060646	9.134662718
-2.257174365	10.31512769
-2.774326432	9.297040951
-2.905634039	8.133904749
-2.562712803	9.390956939
-3.026818784	9.204865321
-2.786022276	9.659162505
-3.108136569	9.350876804
-1.526835057	8.945058136
-2.491565847	8.40213701
-2.859060377	8.9097745
-2.402207668	8.589025901
-2.565361648	8.724024403
-2.619682423	9.30857533
-2.202114273	9.84923838
-2.130443768	9.211621893
-2.774448197	8.416344597
-2.797106743	9.236587462
-2.646723472	9.612601872
-3.660158205	8.709394676
-3.266793154	8.947277545
-1.825760489	9.021630226
-1.686713766	8.621836972
-2.633715643	9.338426345
-2.220919142	8.953812054
-2.353572546	9.22405235
-0.969757219	8.570540039
-1.949410167	8.795556978
-2.573156419	9.375476807
-2.986967843	8.827869552
-3.312420783	9.877768054
-2.407465805	8.814468035
-2.887372996	9.126628491
-3.220324478	9.480581544
-2.832484065	8.305103262
-3.049971625	8.133881722
-1.665626806	8.251457971
-2.068377745	9.64557818
-2.513183944	8.738357055
-1.769225554	10.29338577
-2.470513469	8.732162329
-2.939839724	9.10656178
-1.747635584	9.785341104
-2.239742601	10.01733257
-3.0278207	10.04503792
-2.604366962	9.618469243
-2.94700675	9.526317391
-3.200597489	9.310549603
-2.046108849	9.403466666
-1.554489303	8.73869327
-3.20848141	8.605186686
-2.227713005	9.012598899
-2.834518908	8.929193817
-2.752760315	8.787672104
-2.805394585	9.362479852
-2.941193008	9.491938732
-2.484936809	9.058489571
-2.924672681	9.753051169
-2.37396921	8.443441571
-2.534316678	8.917456399
-2.628671646	8.655874968
-2.962979454	8.08101782
-2.797583288	8.972945785
-2.13150201	8.953412374
-2.258739029	9.771011
-2.997975245	9.32969197
-2.45953147	8.502192716
-2.133504061	9.941332411
-3.343900264	9.624802976
-2.237517527	9.30533498
-2.840509503	8.901044079
-2.223898289	8.53456651
-2.890827201	8.82818274
-3.411638673	9.558660438
-3.322968842	9.956579281
-2.48515515	9.785907892
-2.379336372	8.769861417
-2.961355936	8.454477412
-2.189901394	9.084729252
-3.339957654	8.130066445
-2.542237522	9.175869985
-3.114705723	8.940484835
-2.835115677	8.781267877
-2.485498287	8.216934595
-2.939404306	9.271086181
-2.701475395	8.747935708
-2.006051218	8.42932771
-2.797643558	7.578155022
-2.091351567	9.000528676
-3.07405105	9.900411927
-2.244295534	9.844915735
-1.788413313	8.785738
-3.745019873	8.713180098
-2.907645251	9.248673256
-2.220661559	8.515093409
-2.610720316	9.165182078
-2.323624686	9.397326267
-2.811190216	9.62775274
-2.465902729	8.96420909
-2.587036241	8.912449253
-1.925306592	8.575294835
-2.381987201	8.600845951
-2.340396292	8.901046682
-2.715136106	9.197968882
-2.753000735	9.471078441
-2.725476717	8.612696653
-2.311971552	9.760630413
-2.719689863	8.878724328
-2.364310195	9.003602481
-1.471497224	8.640680289
-2.073635271	7.802165998
-2.672209389	9.456308826
-1.908590662	9.382708077
-2.71323531	8.87362235
-3.528259891	9.047781487
-3.013240779	9.272255737
-3.444593584	8.2330132
-2.684954365	8.74975979
-2.499988433	9.411418468
-1.670978967	8.387141417
-2.345733936	9.161065094
-2.618747887	8.335995226
-2.094494832	9.247501119
-3.614765278	8.996465387
-2.391390344	8.20672022
-2.123765026	9.596655805
-3.248490746	8.64699034
-1.937320601	8.60915991
-2.339949419	9.114570727
-2.71684158	9.588604803
-2.19280669	8.506375219
-1.373851194	9.045126053
-2.418264496	9.228694378
-2.38508733	9.360838932
-2.738878073	9.102506906
-2.934119808	8.830772209
-2.094029715	8.600491018
-2.937239536	9.05735807
-2.473414504	8.478216622
-2.748026346	7.553610886
-2.26970771	9.23256603
-2.34236657	9.466253549
-1.990427651	7.83281991
-2.764205822	8.509420776
-2.644135091	9.323863259
-2.998579481	10.04303386
-2.731344253	9.024682982
-2.320547377	8.650284658
-2.130703315	8.922837908
-2.970280285	9.701724338
-2.074394663	8.691304039
-1.831378694	8.614690125
-2.302480171	8.772914367
-1.570799717	8.537621824
-2.896092223	9.075621286
-3.131524975	9.826625357
-3.398557748	9.175825765
-1.761175467	8.888109377
-2.182014795	8.868380494
-2.536989959	8.232690724
-2.36921331	9.455841017
-3.071942147	8.97536753
-1.286321633	8.924046171
-2.444587032	10.61083991
-2.454500226	9.163662582
-2.146314311	8.638390603
-2.268693007	8.80110733
-2.397255611	9.588508983
-2.904434851	9.070921333
-2.273463444	8.295147139
-1.568185375	9.473900595
-1.8364876	8.680214085
-1.71260431	9.950935016
-2.764805461	9.554310161
-3.004000033	8.79062518
-2.572091083	9.654794309
-2.481335167	9.048213883
-1.962101864	9.440672966
-3.355429938	9.256652537
-1.744422463	8.591107801
-2.588201572	8.692511212
-2.722638158	9.529266537
-3.015249811	8.846898462
-3.336625959	8.812461897
-2.097612331	8.536724839
-2.472538639	9.226085661
-3.154178073	10.04554859
-3.156737009	8.480519671
-2.677089973	9.026395857
-1.67468686	9.720396406
-2.638993299	8.974465433
-3.2607691	9.240472026
-2.632069155	8.483089364
-2.645559408	9.228439677
-3.857640945	8.920713996
-2.536345056	9.507151126
-2.624664888	9.607979154
-2.161094441	10.30906795
-1.584719576	9.304102715
-1.945915108	9.177184286
-2.643641968	9.111478279
-3.062460577	8.837702982
-1.222517721	9.18352805
-2.479588406	8.866585423
-2.502232977	9.098516616
-2.521260167	9.673084896
-2.410155243	8.511014846
-2.581377829	9.584225409
-2.796028626	9.672843662
-2.782627094	8.955251865
-2.525574258	7.953358679
-2.780910009	8.710375135
-2.865620514	9.662783401
-2.455982509	9.002852097
-2.636686232	8.514635012
-1.757201129	8.761898668
-3.834682527	9.434596141
-1.963444197	9.287652912
-1.886155027	8.894820079
-3.545892739	8.830873922
-2.68054142	8.818407054
-2.694918056	8.553081036
-3.21295347	9.821973973
-2.898105967	8.853125894
-3.064485546	9.622865389
-1.633062401	9.774944154
-2.041358426	9.513441577
-1.873420076	8.798475972
-2.148361591	9.216151173
-3.073723509	9.002188325
-2.771457756	8.562435198
-2.264510342	9.176465769
-3.120261527	8.424766233
-2.152698408	9.608125822
-2.629360322	8.78197748
-2.696608027	9.114865956
-2.153717639	9.155930064
-2.287065967	8.884833641
-2.689680706	9.307633029
-1.929532721	8.7768343
-3.049729287	9.449934777
-2.20122982	8.341296288
-2.212646994	9.077475918
-2.663970843	9.983750628
-2.346131112	8.514120466
-3.134754411	8.675413643
-2.047184113	9.271240053
-2.601648691	9.104077019
-2.770559133	9.189601178
-1.98469301	9.258879693
-2.861369468	9.331646862
-3.213428271	9.569136049
-3.28751221	9.219195457
-2.206192647	8.893657301
-3.149412299	9.350572979
-1.631800532	9.964227096
-3.550162327	8.947969255
-1.660969439	8.527021476
-2.403688889	9.567826463
-2.557554179	8.954095546
-2.781657166	7.927951355
-2.309629566	9.437996967
-2.528014974	8.746622035
-1.957546682	8.969019487
-2.452083799	9.180276293
-2.434046742	9.109535968
-2.691003729	9.369012037
-2.537670435	8.796542943
-2.355296739	9.270839027
-3.364281819	8.884512789
-3.183290334	9.383691369
-2.137565576	9.32196987
-2.423764904	8.546566777
-2.601189291	9.557277186
-2.499980657	8.746304406
-2.33540677	9.418315027
-2.779077463	9.197929785
-2.898349986	9.933377967
-2.411274996	8.902553137
-2.998384012	8.83962773
-2.305071245	9.004576325
-3.360489425	8.862696237
-1.994619804	9.414257079
-2.272898882	8.206130824
-2.381182756	8.487444919
-2.017852131	8.480384667
-1.676460401	9.489439924
-2.002012591	9.869592814
-3.429634739	8.962061519
-3.148986106	8.929875267
-2.821606912	9.04931221
-2.496152098	9.59522528
-2.250368113	8.550609561
-2.87206953	9.13347062
-2.415814241	9.501884943
-2.886889089	9.264833213
-2.814956525	9.109076936
-3.212528171	9.514809174
-2.970814246	7.662669982
-3.185039926	9.353223788
-2.99713425	8.687248287
-1.982376725	8.09896968
-2.983897067	9.269887428
-1.193006591	9.701115401
-2.262538673	8.945561871
-2.416779561	9.490723402
-2.938376513	9.820425257
-2.159042683	9.671743355
-2.797016536	9.834268393
-2.448192716	9.385349874
-1.229155354	9.052002948
-2.557227573	8.213303222
-1.93456096	8.891254884
-2.860785836	8.592662831
-2.526691868	10.09975749
-1.623797305	8.926343222
-2.822681152	9.075888532
-1.602973344	9.290028816
-2.155321655	9.036087351
-2.790431011	9.861811648
-2.192993754	8.702961447
-2.022920398	9.111589856
-2.198292642	8.643050835
-3.294309983	8.354274873
-2.872766211	8.708401583
-2.632956941	8.99576773
-2.546414338	8.799635016
-2.198861574	8.668075638
-2.420347123	8.311127396
-3.176869802	8.972733342
-2.319098698	8.261925941
-2.20390475	9.39431411
-2.229302399	9.055506005
-1.96880726	8.285510378
-2.092236546	8.85968159
-2.279607583	8.638207925
-2.544280479	9.173873383
-3.33967809	9.684511351
-2.294388513	8.076699893
-2.405353779	9.071799168
-2.373408204	8.93421973
-3.147571911	9.349956166
-3.049725893	9.120884442
-1.982621196	8.638301462
-2.5289752	8.85475916
-2.168447274	8.6162732
-2.495038435	9.552289697
-2.494319553	9.024941953
-2.04005572	9.964881471
-2.767219987	8.983955721
-2.461137235	8.660082745
-2.740335267	8.257428932
-2.726445737	8.11271629
-2.663783685	8.222218157
-2.398130737	9.147849454
-2.748571934	9.26864864
-1.88131956	8.223690777
-2.956501274	9.461805285
-2.602633445	8.772755602
-2.729063152	9.087682634
-1.785708681	9.820396442
-2.410920235	9.462705786
-1.993275353	8.880020804
-3.25197781	8.568690015
-2.37567249	7.938378428
-2.064382225	8.654709469
-2.468055628	8.908721009
-1.976457436	8.520696365
-2.767841848	8.948657645
-1.804523903	9.05271207
-1.359748561	8.901858137
-2.690616903	8.689284838
-2.731948884	9.098613464
-1.782505384	9.235256453
-1.71941155	8.469086589
-2.770627637	9.719752318
-2.719291032	8.964992062
-2.650089927	9.02371094
-3.181422879	9.36839334
-2.968523596	9.130894194
-3.011268006	9.490854445
-2.893096406	9.157848211
-2.526540067	8.708067441
-2.392090257	9.195037891
-1.733947377	8.442423025
-3.008374643	9.068565981
-2.017036424	8.997671133
-2.616192045	8.9102277
-2.533929478	8.950017372
-2.171787877	8.073361605
-3.070558634	8.739923674
-2.31799275	9.060708579
-2.425971519	9.094214324
-2.262971991	8.500448558
-2.364613301	9.647140049
-1.281547553	8.581198704
-2.828067615	9.499014728
-2.774696101	9.227883309
-2.820767886	8.691172473
-2.786936183	9.901941575
-2.827891187	8.417467712
-1.914689357	9.473863215
-1.798945499	9.514577287
-2.79457077	8.678976024
-2.92537541	9.710518778
-2.273489845	8.889262871
-2.785309145	9.158632943
-2.192731714	9.144447048
-2.407736113	8.947131757
-3.267069681	9.419690265
-1.735445022	9.411030488
-1.611258787	8.140020142
-2.815591968	9.66645625
-2.703048403	8.183040134
-2.366264928	9.53055923
-2.341969228	9.577638697
-2.179925487	8.468802913
-1.504095354	8.808878984
-2.597671237	8.461433794
-2.908346245	8.906825613
-3.198857237	8.860268986
-2.874662643	9.404116394
-2.525761109	9.669440501
-1.611918691	9.712128034
-2.768003273	8.733202115
-2.397303647	8.909675191
-2.517409071	8.172567032
-1.915000986	8.611351095
-1.24573141	9.496711945
-2.77463201	9.82207754
-2.753917344	8.397111692
-1.987117185	8.718053999
-2.168251878	9.00108325
-1.58584396	9.154366708
-2.21723353	8.609484368
-2.688843668	9.22631665
-2.213870208	8.777366455
-1.954845833	9.007059993
-2.098956532	9.287428252
-2.255560607	9.017497263
-1.975860278	8.796093183
-1.924549828	8.959481226
-1.818118128	8.970104649
-2.184842679	8.829280613
-2.592756663	8.884888097
-2.43584078	9.813609713
-1.90594314	9.294745852
-2.917665459	8.866545969
-2.324860969	9.36276333
-2.705867029	8.847376383
-2.494825212	9.600848447
-1.869971692	9.199107224
-2.413648089	8.960635056
-2.485979349	9.238144591
-3.189125694	8.228848052
-2.13607084	8.450902394
-2.186455532	8.417323625
-1.427570261	9.085757676
-2.663086741	9.880543628
-2.399622459	10.1299362
-2.384505781	9.333311679
-1.720470983	9.264708366
-2.556845389	8.113757261
-2.36968686	8.742949228
-2.205249368	8.620394252
-2.415893061	8.703862329
-2.73241443	8.930214219
-2.412152627	8.778240839
-1.972381748	8.024636223
-3.022455273	9.388241256
-2.442712786	8.477914615
-2.859258031	9.13390956
-1.911674309	10.05132746
-3.270791075	8.554593832
-2.788658547	7.749142367
-2.320591686	8.871284017
-1.726435608	9.564765946
-2.542072754	9.993459855
-2.786797386	8.399511331
-1.568619088	9.26263574
-3.233204573	8.7816309
-3.608600601	8.961311951
-2.289190398	10.3364578
-2.760224735	8.262800964
-3.019814032	9.141155959
-2.155019399	9.248132714
-2.387297266	9.557179291
-2.791236938	9.063277705
-3.149349822	9.168311398
-2.072968959	8.818461844
-2.184097034	9.148849599
-2.558785555	8.84268999
-1.585879125	9.325072073
-3.044240006	8.82948096
-3.271960209	9.202836325
-2.855151658	8.999654721
-2.531990631	9.577311254
-2.387527898	8.988589266
-2.629815652	8.127769894
-2.333169925	9.645246879
-3.134967335	8.561419978
-1.787315321	8.687402959
-2.550273212	8.716455481
-1.950549707	9.701505175
-2.33783495	7.946449021
-2.280821013	10.5831604
-2.224313983	9.542314533
-2.285343343	9.125905585
-2.187836243	8.986839128
-1.844621358	9.157063166
-2.410937038	9.274847342
-2.154695744	9.336893921
-2.55406547	9.292088361
-1.789139015	9.059076469
-2.847393774	8.915616918
-1.608727407	8.938649486
-2.529276598	8.916831988
-3.224585174	9.581171177
-2.445145416	9.311064489
-2.849723452	7.544091811
-2.088875849	9.342236516
-2.835509613	9.111654226
-2.73228934	9.00493175
-3.453967989	8.820026902
-2.735350783	9.576342488
-3.721137286	9.488049359
-3.301149035	8.627847294
-2.128990295	9.217812272
-2.116297544	8.528457761
-2.296468842	8.324477046
-2.992685695	8.700927516
-2.533053301	9.445482864
-2.510998893	9.490848651
-3.088379968	9.270828838
-1.757498472	9.376834022
-2.070516478	9.272375272
-2.61967971	8.693545331
-2.495754704	9.230247401
-2.405006219	9.414490891
-3.530065057	9.391431793
-2.632786314	9.608742814
-2.850189747	9.368438052
-3.010007628	9.190010232
-2.649747769	9.549361247
-1.61035436	9.001025499
-2.188776192	8.573348803
-2.794787118	8.932752646
-2.222906232	8.641834806
-1.809519905	8.676696991
-2.046880782	8.942026793
-2.479382438	8.618076168
-2.832666012	8.860305363
-2.160085966	8.067478795
-2.31245493	9.120932982
4.640481574	2.216187829
4.231334521	1.199517689
4.96950167	2.514515211
5.108663905	1.737607358
3.836098904	1.92635159
4.258516447	2.636068008
4.255307661	1.3295879
4.169927286	1.274610591
5.054616257	1.681370021
4.542965767	2.492359109
4.507621416	1.213496646
3.637947654	0.557091885
4.957587851	1.747590255
4.020249639	2.249040084
4.669845151	2.573300559
4.778567305	1.741589003
5.320208134	1.76745638
3.985468637	2.550120051
3.130122758	1.038298834
4.731803609	1.778909296
5.540134427	2.068381629
5.259352013	2.197779045
4.744708544	1.718266337
4.394060743	1.99039019
5.043440135	0.729006007
4.153105736	1.644045478
4.878057721	2.19992404
4.892613916	1.482022667
5.16998379	2.002661795
6.019708856	2.196605934
4.83608682	1.801895084
4.385397023	2.058401569
4.62709168	1.491803401
3.755340884	1.869864044
4.292522271	2.278277769
4.435237617	2.051656164
4.377834637	1.679904049
4.716056272	2.085277886
4.22866887	2.330474579
5.20039417	0.948199045
4.639982369	2.552706716
4.635228676	1.805042315
4.475931478	2.185914651
4.717474178	2.571793146
5.052427969	1.287332835
4.206313728	1.618449183
4.310820592	1.828895336
4.488015822	1.581292923
3.966943374	2.840637972
4.230249906	1.544783637
4.401768399	1.695396294
5.077073427	2.0753642
4.771159501	1.372094921
4.736673792	1.775329328
5.065327817	2.131896315
4.571192942	1.806739482
4.835111261	1.926476254
4.58826796	1.708503628
4.772560011	1.215934529
4.348499507	2.13396629
3.420470257	2.85063622
4.572739255	1.982370499
5.351252904	2.085801743
5.102986537	2.319531061
5.122577579	1.338504436
5.257944197	2.824427013
4.684207632	2.074334082
4.73853669	2.789098133
4.331052889	1.606653186
4.481842408	2.882200645
4.947764411	2.360747431
5.241821055	2.249689727
4.570155698	2.090181911
4.414784204	1.848905375
4.640142816	2.573435513
4.940482211	2.043349619
3.917951428	0.989634832
3.49178836	1.414576453
4.364610411	1.880246808
4.029522623	2.128169176
4.385808737	1.944875439
4.565988677	2.582655079
4.413254632	0.997618752
5.366112603	2.044963652
4.803251219	1.064180071
4.790116016	2.353025832
4.950982408	1.925940327
4.070462277	2.18297467
5.15943473	1.541228204
4.601996693	2.61290215
4.975119145	2.494032016
4.10395022	2.264941835
3.862999453	1.908411061
5.048823665	2.263098327
4.828083599	1.6197234
4.188853059	2.400947513
4.205047296	2.797910131
5.202596228	2.508474964
4.04517289	1.608368449
5.461215313	2.153878343
4.189568469	1.326598912
4.959074799	2.25936484
4.475569598	2.19847139
4.941472552	1.038261514
4.367821835	1.392277762
4.558482383	1.831600236
4.660338424	1.82273981
4.138785108	1.368431216
5.010291009	2.167659049
4.383272053	2.098906488
4.525578879	1.876035118
4.142704149	1.595273934
3.358712007	2.497523247
4.544364955	2.80087324
5.846186547	1.731388942
5.03218098	1.667086225
4.630248646	2.218773517
4.508433422	1.794154994
4.651111783	1.903471084
4.913438394	2.34299626
4.049472429	1.01849164
5.197039684	2.632320846
4.997569494	2.009509946
4.998971699	1.767423112
4.859116706	1.928552607
4.649687165	1.954384361
4.976309454	1.107569032
4.935785903	2.720638798
4.462858481	1.9938325
4.35307795	2.194670749
4.690806984	2.448944569
5.414388912	1.462588455
4.020325298	2.209905633
3.906116203	1.839349138
4.722259257	2.396555072
4.665322687	0.909555974
4.726549668	1.923622534
4.761855435	1.671759356
4.528277709	2.189301159
5.384810556	2.208191778
3.839426847	1.619356737
4.225630324	1.617082752
4.588251456	1.917837
3.818284431	1.52484857
4.551951634	2.394161532
5.470613919	1.788566084
4.65032208	0.519675574
4.755229289	1.785758656
4.009796454	1.453897774
4.331698132	1.157531776
4.452280646	1.354456365
4.481021288	2.02787392
5.280700734	2.637490098
4.918724367	2.129761921
4.084149858	1.66991799
4.763131225	2.201121782
4.88898971	1.743624529
5.209953355	1.625869499
5.43014918	1.39598835
4.13233174	1.097255281
4.234450081	1.778207831
4.011089907	2.052196429
4.522868907	1.924857849
4.873058023	1.76518622
5.133546095	1.500296654
4.601903324	2.27729278
4.479955075	1.314603724
4.715757832	2.361183641
4.222307385	1.472061174
5.684648197	1.596952065
3.836048323	1.239777089
4.732249126	1.72246861
5.651681946	2.460825913
4.643278759	2.230983728
4.544859319	2.46238074
4.461156125	2.234240957
4.549682995	1.42133477
5.326303074	1.807775072
3.533947881	1.583070119
5.406595687	2.638457136
3.92790026	1.374775361
4.506552672	2.420018529
4.425256626	2.419646619
4.934155471	2.887979785
3.84081666	1.768326388
4.870965169	2.329330764
5.652033648	3.113995602
3.958291834	1.664348845
4.73473192	1.20564956
4.308887747	1.033164667
4.852822439	2.329525698
4.649452725	1.03159458
4.319135382	1.787010157
4.883814979	2.191826277
5.542052891	2.065757452
4.54442694	2.185892116
4.999757807	2.084314612
3.993242357	2.612602591
4.161660648	1.497011494
4.876081975	1.634672115
5.38193685	1.586839961
4.817685511	2.38826559
4.483349821	2.423368978
4.639524539	2.198782344
4.014674969	2.564916517
4.942136499	1.38414925
5.081045367	2.80678174
4.41383367	2.734788995
4.404857762	2.340980683
4.772817951	2.864069138
4.421518968	1.14485808
4.606812529	1.710945616
5.689739731	1.605517954
4.516365986	2.333909346
4.46070876	1.448099314
4.316107933	2.351917259
5.011974822	2.658437756
4.54926675	2.320771134
4.315192317	2.115045196
5.300530852	1.479233013
5.349680338	1.549744201
4.339667053	2.597979137
3.706608861	2.362844186
5.143635681	1.953659924
4.297563923	1.764214911
5.035191636	0.960265747
3.654826927	1.437743475
5.086177505	2.928879228
4.034292872	1.332941898
5.005260896	2.067909595
4.64701537	2.476891671
4.162909127	1.34570835
4.43636068	2.065524921
4.983038065	2.442127453
4.692826063	1.979419345
4.932085326	3.407371212
5.628099128	1.138870055
3.85775803	2.502533949
5.448485124	1.886768815
4.692056805	2.359129761
4.190486812	2.19382326
3.974722023	1.606591585
4.545318641	2.08766788
5.100703892	1.044218958
4.576104276	2.274793434
5.395456301	2.122248917
3.914290991	2.292499768
4.633834362	2.502228846
4.013682114	2.156979604
4.821694778	2.047214394
5.083322531	1.532635516
4.429497939	1.617059302
3.337771908	2.566536994
4.73935291	2.691337387
4.858248112	1.854114466
4.842026214	1.996171058
5.257769932	1.520862496
4.104351996	2.559548107
4.979986889	2.305878096
5.236132592	2.943778402
3.750585044	1.534008145
4.799704749	1.784165734
4.387788921	2.088892645
4.5991175	2.296414453
4.813717078	1.865335865
4.396264554	1.536689139
4.302024797	2.413873448
4.656955045	2.333737365
4.096255867	1.515032634
4.096966272	2.650891084
4.979565478	2.558269039
4.065481819	2.040317933
4.973035087	2.012968615
4.871174483	2.250198569
3.776975472	1.542318149
4.30109651	1.988185424
5.236933538	0.896977912
4.149296071	2.411397507
4.407676705	1.192423073
4.870909283	2.724879598
5.031574091	1.808109637
4.514109393	1.867336193
4.341123739	1.659302731
5.351063767	1.829150247
5.509328668	2.682435357
5.129307862	0.729265356
4.682537908	2.611652377
4.235745975	2.142181424
4.224656633	1.36965886
4.901135889	1.435513487
4.849077947	2.811366198
5.340678133	1.500416244
4.965103882	1.396494429
3.888338685	2.541826955
5.165852645	2.142446122
4.140848523	1.504206896
4.4478932	2.081482172
4.764978939	1.460293342
5.637712581	2.523580383
6.194838114	2.503855166
4.943240366	2.239172783
4.548280527	2.154000215
4.90713166	2.853763746
5.083706549	1.973012848
4.479545023	1.382232621
5.537484514	2.19790664
4.754914216	3.016193209
4.888750381	1.465789937
4.972840962	1.792438301
4.850672142	2.181392703
5.059349086	1.946217259
4.331252243	1.482017894
4.360727959	2.534098612
4.08980172	3.133190045
4.859629452	2.071235413
5.029347088	1.521135539
4.868765269	1.198689421
5.477125053	2.102157675
4.637080827	2.525108356
4.974249664	2.210753557
4.094028398	1.971967763
4.446328985	1.678533858
4.987647715	1.427087868
5.064429892	2.390545347
4.492895362	2.430055495
4.60407921	1.200304791
3.880941963	2.768089173
4.461364236	2.260205294
5.085070418	2.672967007
4.927481344	1.30210581
4.890211697	1.290257606
4.66476568	1.898685029
4.643410416	2.224561897
4.309718266	2.871350095
4.989293046	2.326209141
4.850365308	1.851829046
4.88588826	1.45998508
4.376861415	2.58816997
3.563207376	1.490816971
5.188455192	2.787403961
4.400460108	1.830977359
4.208490954	2.76846072
4.986618292	2.312635329
4.443872516	1.904671939
5.169847028	1.713471498
4.948381811	1.802715745
4.981663498	2.18732803
3.956900981	2.011747932
5.245850829	1.67626398
4.770504102	1.890353979
4.455240267	2.012458199
4.71157307	0.908802637
3.75176122	2.202253741
4.844205242	1.483309072
4.125193082	1.396503482
3.963543693	1.12949751
3.878699243	1.076223435
5.196223024	1.295445932
4.325247139	1.618659205
5.406742691	2.949799253
4.371978105	1.710229846
3.786199857	2.062044737
4.081616616	2.173410377
5.257784646	2.038702277
4.561929747	1.934447954
4.365735188	1.375522802
4.719887949	2.698633458
4.890770204	2.876768006
5.198578244	1.131840337
5.364128451	1.461155388
4.459994513	1.833264513
3.976854993	1.490900786
4.433146256	2.226152461
4.77001909	1.609033583
4.157999373	3.055697718
4.161303379	2.568443981
4.811772777	2.079456699
4.61555266	2.486662816
4.656277334	2.526119896
4.260631169	1.69119594
4.524678479	1.565061062
4.177762264	2.012241215
5.084978042	2.403987746
5.157503504	2.042699883
3.716784905	1.184671443
4.175123406	1.571757462
3.891614209	1.936183252
4.314866869	1.935336882
4.598159851	2.959440772
3.915056226	1.280175713
4.17894893	2.225964305
4.13790015	2.717726238
4.743512501	3.108894557
4.674551005	1.770970972
4.27901006	2.21888441
4.728289272	2.258049863
4.366538794	2.07091055
4.504051281	1.923747083
5.476604881	2.191157379
5.310109362	0.707046641
3.990088218	2.314204429
5.054745045	2.036258636
5.045577113	1.861932236
4.065747192	2.996600782
5.049267658	1.635702675
5.408844795	1.771631689
4.078606433	2.968946335
4.181127426	1.557139032
5.14870957	1.698112042
4.775626492	1.899656972
4.915616974	2.393536925
4.810173444	2.077070938
4.835226797	1.32685701
3.976642772	1.707085402
5.16353769	1.669492467
5.224673832	1.934559161
4.525183464	2.186091513
4.618140361	2.182272562
3.874325085	1.085163807
4.897006214	2.505140178
4.925907557	2.099454107
4.608783328	2.665435708
5.202055516	2.195268848
4.472840221	2.523831163
4.922181799	2.20644234
4.130046667	2.646282562
4.628102761	2.234295002
4.552701707	1.924212061
4.752532797	3.109387044
4.455115372	2.417688245
4.574142538	2.260041894
5.052902422	1.335017476
4.421496718	1.329015875
3.836590286	2.119527425
5.514670788	2.045930283
5.330605876	1.666108401
3.993747489	2.043661034
4.984732739	2.767483148
4.388391451	2.320870921
4.771622444	1.402665429
4.786990901	1.91741527
4.522674936	1.570686444
4.247996003	1.779319726
4.29460831	1.766361851
4.181782878	1.734346893
4.223967732	1.345601998
4.606289691	1.909342343
4.281998842	1.692865866
4.980904869	0.508445339
5.383501914	2.999655696
4.349852216	2.517554511
4.759581086	1.785019321
4.889721391	1.982579209
4.875879972	1.38734251
4.67785647	2.821031123
5.011220045	2.921814031
4.881003313	2.051516548
4.021047625	2.484935006
5.074456868	2.060813073
5.083524255	1.304806965
4.258235784	1.767257999
4.658847754	2.039133667
4.981543333	1.745895825
4.535221926	1.863843045
5.17636786	1.927469905
5.821815084	1.932730435
4.24688582	1.999298929
3.949356535	1.442867151
4.791788134	1.614661609
5.000660089	1.330877551
4.524445649	2.462077459
5.366509168	0.920346213
3.970575936	2.549964856
4.986338148	2.666344383
4.336948426	1.82207939
5.499567789	0.67160114
5.636136513	1.792514403
4.256550542	1.941077603
4.365100268	1.467870574
5.06967278	1.715560487
4.446313511	2.738267283
4.617173227	2.305633265
4.652573046	1.510887627
3.680042258	1.174370099
4.632959963	1.809661025
4.295014949	1.866441294
4.393317425	2.221269278
5.361694838	1.705511328
4.011625389	2.228919472
5.04648143	2.940746704
4.500397371	2.380920195
4.499998752	1.94912543
5.035064784	1.881594448
4.809904484	1.794833117
4.925185335	2.56349014
5.123971166	1.659512961
4.474224645	1.995781038
4.333760469	1.998768635
4.097303573	1.722277588
4.227173571	1.28693691
6.114426049	2.134656936
5.262218627	1.942667698
3.964341653	2.223289919
3.978649858	1.706369531
4.880811867	2.583580333
4.913511235	1.534782793
4.914320754	2.829189826
4.512400939	1.099351429
4.577151706	2.190554716
4.803818598	2.210885025
4.682825339	1.57539115
3.53022865	2.185366653
4.524979021	2.612929019
4.214175619	0.864760264
4.727484546	2.224542088
6.132508338	0.726534274
4.823619669	1.490337282
4.483113993	2.787752866
5.100779587	1.682278667
4.88122278	1.386229702
4.849926081	1.874200819
4.943304133	3.007122853
5.668150619	1.05732856
4.074434619	1.447514728
4.876694875	2.721885526
4.176688271	2.902020856
4.917635159	1.921454072
4.18053558	1.353643333
4.431195429	3.021091435
4.492333879	2.77039088
5.127787196	2.312643178
5.099106058	1.566968509
4.017020148	1.948655014
4.667345892	1.892989643
4.285088909	2.138595336
4.010626381	2.698670403
4.531370311	2.412878205
4.485637442	1.434481645
5.853237079	2.661417909
4.856358749	2.129735754
3.951070086	2.316702582
4.357491834	2.706440114
5.150570484	1.417379559
5.684100223	1.955256895
3.84688718	1.707442408
3.699916644	1.189239971
5.575361424	2.146524673
4.834685925	3.22894796
4.20573247	1.053130812
4.907193379	1.957029378
3.322004967	2.293441151
4.64156659	2.034708785
4.803789423	1.916605658
5.102013906	1.323561502
4.13293086	2.089563055
4.682722417	1.594787695
4.177166523	0.878208831
4.767570714	2.570465794
4.192205675	2.452362594
4.435828417	1.999000172
4.141971139	2.087707028
4.965446957	2.51032869
5.069104395	2.085339512
4.522568551	2.425178461
4.658997834	1.824428584
3.915583129	2.629161553
4.490040512	2.133562547
4.614776528	2.070195656
5.950275382	1.33813914
4.083895323	2.116647611
5.371967456	1.557192225
5.138308223	1.654028321
4.780197038	1.56548187
5.519189078	1.440052218
4.825931573	3.035555385
4.834458434	2.638839215
4.61331851	2.933353435
5.251663277	1.361722174
5.188113453	2.008796559
4.327040192	1.326415871
3.980255239	1.625322245
4.538388518	1.514106192
4.239859554	2.592961687
4.608116549	1.775054845
5.258597904	2.507359351
4.411228009	2.275230129
4.618467146	3.12498906
4.668890204	1.233447572
5.064094277	2.602786304
3.516434169	2.546390119
4.336528689	1.486480265
4.745520682	2.476736352
5.239918314	2.141242165
4.393927612	1.859431554
3.701602483	1.56120194
4.949734559	1.613614958
4.322197642	2.998075732
4.045045507	1.973511093
4.327706141	2.364234685
4.547616157	1.577719993
4.337506504	1.583243211
3.537095808	2.514162089
5.088411935	1.298381578
5.277316357	1.7655628
4.965639832	1.990183389
4.071036001	2.028855985
4.539133069	1.883623041
4.636618179	2.171079574
4.939276031	2.319597562
4.974049081	2.340488457
4.272791937	1.48026778
4.680876614	1.831092135
4.868519039	2.570551115
5.367789997	2.420493278
4.992132106	1.286739958
5.03440718	2.148909634
4.68179215	0.984057059
5.345108409	1.996637135
4.844760234	2.922053192
4.209334881	1.499223325
5.341563821	1.556008161
4.988830472	2.355184575
4.418356826	1.201768926
4.400132353	1.656792169
4.788166609	2.271390253
4.871471234	1.65602676
4.738524969	1.85518469
4.795533173	2.345262539
5.489857524	2.183942726
5.175650412	2.106578882
4.735196632	1.803608544
5.110534127	2.158200242
4.123616884	1.911303344
4.838842361	2.202072489
5.544532011	1.724703671
4.530855889	1.881885197
4.216061872	1.478190788
4.313834392	1.955665879
4.095062318	1.567669252
4.247497882	1.416146459
4.454624787	2.102500258
3.937095327	2.079539572
4.647688003	2.364606551
5.091017423	1.757606899
4.186000746	2.177196107
5.399520798	2.24856847
4.89527488	2.195556588
5.155169129	1.560342843
4.310961559	2.047851425
5.06714145	2.155239832
4.093911886	1.976758917
5.085002587	0.929930855
4.725798506	2.053414496
4.916504446	3.079435204
4.052081533	1.79315005
4.192343915	1.609131135
4.938492945	2.159843964
4.165704834	2.129358789
4.871481982	2.569537267
3.956309933	1.344235606
5.063965943	2.33885981
4.023617179	2.268380715
4.916028805	1.902096415
4.952694303	2.142513343
4.291492927	2.487898425
4.93089212	2.409327374
4.770099968	1.401660028
4.370457908	2.383248777
4.135601494	1.940825381
3.65856599	2.009606733
4.81470386	2.009768179
3.857477451	1.89804819
4.687550936	2.569023432
4.508154728	1.931310704
4.979450224	1.41339662
4.488856086	1.776404756
4.475154943	2.062517042
5.005814188	2.587777076
4.807407851	2.274717026
4.797956815	1.547902045
4.874512631	3.215764642
3.872092775	2.105557339
5.018273176	2.610865053
4.946113233	1.897312467
4.131537272	2.239849306
4.517838599	2.392903936
4.620225192	2.58226704
4.572630444	2.501853837
4.80680882	2.409268184
5.355562227	1.815626318
5.1807622	1.687296663
3.98376924	2.139473439
4.950913831	2.43973372
5.304345496	1.861809334
4.833283097	2.505755667
5.185369049	2.699478057
5.646014059	1.515009224
5.151733609	1.554709332
4.764533134	1.902982154
5.162423073	2.126976018
4.712322753	1.710886177
4.651830358	2.649271023
4.464171718	2.185203115
5.421585516	1.992893208
4.230664503	1.255214922
5.406062699	1.315261776
4.889810898	2.113674309
3.940225749	0.906871871
4.823703483	2.479488389
3.589865582	1.894092762
4.952632845	3.594716169
5.082494578	3.127127809
4.343700858	1.882445149
4.701652684	1.920001183
5.616957553	2.470960441
4.387005484	2.824755989
4.110425043	1.154155155
5.380710537	1.079981951
5.621172431	1.662152281
4.641726672	2.264538476
5.145610354	2.221606479
5.310616794	2.508055411
4.26863672	1.37332092
4.397225919	0.815097752
5.255316093	2.402176782
5.482385976	1.559071547
4.921319266	0.963925752
4.199971659	2.045701557
5.633409392	2.369757528
4.374393387	1.912141118
4.472309946	1.744245491
4.811047753	1.893488568
5.416959047	1.787878303
5.066866825	1.299146128
4.847311586	1.615829345
4.871523101	2.233809636
4.661636171	2.134008955
4.918948593	2.057199587
3.375098797	1.475595443
4.491575107	1.882418103
4.760539804	0.884637161
4.064371794	2.062408016
4.833040495	2.687598538
4.537643226	1.236103618
5.517616685	1.680205847
5.426388699	2.137723073
4.406976052	2.599591001
4.56445998	1.749057376
4.602905053	1.627044519
4.414049098	0.988708113
4.737391328	2.024888749
4.260737802	2.994207704
4.074571169	2.111848915
4.951234448	1.962030194
4.954643628	2.134210839
4.237720956	1.967623682
5.087556552	1.566662498
4.324089972	2.384809642
4.766461455	2.086050445
5.050050843	1.98197631
4.623072554	1.48548667
4.867249292	2.62492365
4.381664014	2.305521057
4.541645545	1.696709265
4.536949121	2.474082111
4.266589663	1.724384265
4.551491755	1.582167938
3.865569687	1.593318125
4.394301963	1.087635407
4.49744109	2.208940874
4.51178896	1.057597245
4.519130113	1.358947768
4.608996736	0.935375679
4.879599595	1.930134838
5.077137373	1.898009454
4.314996223	1.809821577
4.038278409	1.451880837
4.11885663	1.387052807
4.396277376	2.205354616
4.463918177	1.697893718
4.254880803	2.131348845
3.991820504	1.530545341
4.411818422	2.063701055
4.730592146	2.624808703
4.937393569	2.266252584
4.36116731	1.766962775
4.433379925	2.101769169
4.176529682	1.852837097
4.624159251	1.977109776
4.215664519	1.810364158
4.926442743	1.891002081
3.74694559	2.07921636
4.460064	1.476490334
4.790432506	1.46523027
4.731796094	1.278898407
5.986395668	1.173034132
4.814778849	1.364528338
4.137851538	2.052900937
4.592146713	1.526775926
3.751755669	2.229976916
4.599578962	1.990526558
4.223350808	0.988917577
5.097573974	2.300657476
4.365108699	2.378569007
4.581495878	1.476238347
4.322099916	2.183265455
5.509304512	1.544920565
4.479257453	2.022004872
5.556157358	1.34092048
5.046954717	1.076616458
4.8809122	1.781761089
4.82424541	1.911305211
4.836777485	1.774329837
3.676042547	1.381154405
4.500437139	1.773220153
5.062457822	2.10781706
4.615430244	1.950723169
3.937283913	2.064420199
4.613676611	1.638112084
5.491931594	2.559028641
5.263324694	1.385083016
4.608876832	2.216949832
5.115603475	2.56411523
4.456625326	2.21362373
3.787943043	1.87190757
4.177645842	1.709021161
5.42132322	2.491213509
4.502882295	1.261682221
4.518186847	1.488107554
4.489959738	1.774390801
5.591947131	2.591996563
5.452858294	2.163053502
5.749268953	1.489146805
4.560356231	1.818015831
4.787691081	1.666008112
3.881557562	1.618275188
5.378346049	2.462614463
4.055989061	1.287298119
4.748266618	2.777560112
4.091227572	2.387284529
4.345445423	2.518600519
4.221247621	1.741699928
4.335941206	1.898199324
4.370317485	1.256593777
4.365744439	1.71083848
5.056545792	2.219997108
4.08744744	2.621201215
4.75014955	1.419591276
5.248858412	1.790416715
4.383280654	1.897520074
4.280919391	1.275275083
4.524616524	2.268844305
5.22974144	1.611174518
4.736932652	1.875474508
4.374271689	1.747194998
4.881817162	1.578500431
4.088732761	1.969647191
4.980558591	1.865364895
4.84418249	1.787240743
4.485974601	1.608938873
4.220585937	2.132932019
4.196538375	2.799978318
4.907287504	2.0431133
5.254369087	2.471228791
4.321224963	1.278058721
4.869072188	2.052050404
3.596365327	1.424485524
4.347569971	1.23470722
4.62434937	1.60348398
4.185037128	2.569119351
4.171625649	2.448177598
4.305989058	2.094672045
4.7859752	1.206819404
4.546214327	1.875029358
3.52076322	2.124019688
3.57952876	2.060937799
4.336446247	1.051272892
4.868722129	1.52801076
3.266126415	1.941130802
4.390013748	2.241315139
4.376754908	0.875105773
5.334047725	1.892107696
4.44736793	2.044694069
4.831373329	2.397975678
4.710507406	2.319598476
3.574595596	2.264455343
5.023982445	1.573199431
4.747577089	1.019168615
4.894013156	1.776643305
6.602997689	2.473985597
3.597822366	2.669896948
5.502227161	2.328444235
4.496155077	2.187840095
4.783543288	2.162989508
4.617122714	1.695110311
4.42776067	1.908139537
4.354962372	2.807704447
4.804633204	1.501890681
3.881291988	2.780559079
5.01516842	1.812155607
4.431781634	2.635885738
4.074844167	1.269762179
4.414872407	2.266121785
5.268453445	1.604784616
4.372211293	1.265536088
4.819105645	2.082436705
4.274400698	2.477905578
5.018839761	1.550698965
4.982632706	1.223661704
5.564183253	1.927247302
4.552096863	1.92945202
4.974206239	2.247329498
4.688912606	2.44796697
5.287814727	1.943462093
4.280462642	2.900921341
5.012381493	2.085287056
4.542530188	1.799956431
4.607784748	1.167386004
4.685755078	1.841839924
4.765999034	1.804976211
4.581764315	2.453322082
4.747235428	2.204411496
5.428937865	1.383485123
5.132603679	2.059296877
5.074456132	2.30893527
4.412109073	2.737185364
4.195258422	2.416921668
5.117529115	2.353593011
5.077902232	2.003212681
5.376214174	2.167325687
4.337888523	2.597922134
4.525104509	1.306780985
3.820136755	1.79845002
4.443643283	1.58688531
5.138164092	2.162746243
4.406631147	2.588280772
4.960118734	1.674682541
4.544627283	0.7780175
4.80190735	1.767059311
4.066033141	2.42990655
4.682483561	2.241984635
3.144310851	2.187262808
4.546430757	1.833173033
3.824642214	1.333654316
5.242876095	2.230816845
5.028582513	1.556028779
4.873214327	3.065218051
5.40038195	2.258423288
4.165420576	1.682845533
5.513560435	1.66747706
5.105974618	1.926697581
4.521601193	1.853418723
5.20768891	2.531586572
4.08673208	2.066377769
4.227621755	1.607353814
4.335583975	2.918390027
4.375389982	1.99782385
4.111600015	2.357589522
5.25142037	1.66905643
4.510451636	2.154727498
4.81613132	2.12872468
4.354703153	1.028345038
3.729577186	2.980807239
4.774907515	2.618491914
3.683751349	1.774572026
4.605561813	1.422034814
3.955721317	2.146950491
5.633516836	2.016518534
5.095560197	2.151004158
4.692755732	2.068958382
5.271732175	2.226290179
4.216720847	2.696822534
4.911618526	2.257221287
4.739784053	1.448341934
4.771888877	2.65445111
5.276055586	2.793476966
5.006124888	3.549198051
4.784240668	1.411422667
3.812435118	2.094610691
4.159855689	0.932120332
4.578524369	2.249744262
4.686565023	1.699069535
4.074776974	2.934892581
5.845717174	1.585862199
5.398075864	1.128578165
4.940937996	1.737537814
4.675897267	0.985425798
4.533774351	2.348719411
4.163919606	0.940628161
4.678619095	1.987398475
4.768755106	0.934263774
4.018998548	1.813020782
4.806967045	2.794858762
4.562249312	2.15349363
3.685975057	1.541422881
4.209686331	1.957567939
4.43307607	1.98217812
5.583722665	2.209484857
4.918155398	1.289740502
3.972138052	2.269453321
