11	65	58
2	41	72
31	58	38
94	100	72
18	73	12
32	22	27
30	24	53
42	63	91
73	92	59
51	43	99
74	46	1
4	23	76
84	94	34
52	45	5
79	77	1
63	68	88
23	32	26
48	25	22
10	58	98
42	59	3
44	54	71
98	20	71
5	87	93
50	35	44
31	90	49
62	14	63
54	82	37
97	12	80
100	47	42
4	31	97
87	30	18
71	28	98
61	79	70
7	72	57
69	84	89
81	58	9
92	65	19
11	21	58
79	72	51
40	88	68
46	14	46
70	81	67
60	67	62
85	91	35
45	30	18
41	40	29
73	98	22
44	29	80
36	80	73
43	99	55
20	3	76
81	30	23
11	44	13
16	69	93
87	79	62
92	84	39
53	91	67
61	59	30
18	4	31
17	55	71
65	24	11
58	29	25
66	76	86
23	65	14
46	46	23
60	21	96
77	32	42
15	45	62
79	37	59
2	85	61
70	30	60
20	49	76
95	86	61
84	63	89
53	56	9
29	54	70
5	87	86
27	74	85
57	24	27
62	43	23
11	4	7
20	85	12
95	17	68
80	71	6
42	34	47
79	24	54
3	54	56
88	92	54
38	66	27
55	25	40
85	89	41
88	18	71
78	66	55
77	7	49
91	90	64
42	17	27
22	22	58
48	38	67
42	47	94
27	30	44
38	85	26
16	53	75
30	65	78
68	12	100
63	93	25
60	6	12
77	30	63
45	24	28
82	81	12
63	16	82
26	82	33
17	95	92
97	42	61
92	42	71
8	32	58
78	80	4
52	65	72
66	10	82
34	42	1
9	84	29
35	20	4
29	89	77
15	88	27
56	37	10
16	89	37
6	86	2
98	19	80
51	30	30
51	36	40
71	30	27
74	64	40
26	27	65
73	86	49
38	37	18
77	29	80
86	35	85
22	100	21
49	22	72
98	60	63
89	40	80
87	38	45
12	70	53
85	92	11
50	25	96
79	85	45
24	51	3
47	29	70
21	10	1
32	67	54
51	78	8
46	82	83
7	39	7
50	82	15
16	75	76
12	58	81
23	66	31
11	36	95
69	48	35
69	44	89
78	9	80
22	77	53
54	46	26
60	94	62
35	85	25
79	82	77
76	29	99
21	64	71
22	31	65
74	11	11
92	53	43
94	15	6
18	94	57
33	52	22
51	10	25
76	42	5
89	21	65
19	15	92
24	39	20
98	78	17
95	73	74
43	86	65
24	28	66
11	60	71
55	20	50
22	64	87
27	32	20
15	53	79
71	44	53
72	84	6
6	12	1
82	15	5
86	93	67
85	74	70
92	2	93
65	85	57
55	58	47
17	95	93
20	39	85
16	83	46
70	4	36
96	24	53
29	37	99
50	22	61
14	24	45
76	83	85
49	11	81
13	6	33
21	63	51
81	58	47
94	54	46
4	16	16
54	35	31
56	16	43
23	47	62
37	85	86
38	21	17
49	35	31
48	29	5
87	8	29
39	46	47
68	2	13
24	72	72
43	72	96
54	40	82
22	92	95
59	26	85
55	80	68
30	19	16
7	100	89
40	18	12
88	36	42
74	94	3
68	89	66
33	71	51
88	57	62
77	46	82
68	79	5
12	9	5
48	22	85
14	11	64
10	13	88
35	79	12
72	15	99
99	27	28
96	48	80
39	51	29
32	24	100
20	13	5
39	35	17
65	8	53
48	2	10
77	5	36
32	98	72
83	83	96
86	13	33
16	51	2
7	91	97
54	1	36
62	79	71
61	36	40
13	35	74
94	44	20
35	89	38
30	64	82
86	75	31
61	3	14
63	70	53
25	49	29
27	47	19
44	89	88
71	65	66
37	68	37
66	23	65
55	85	24
44	95	56
9	8	72
60	75	14
83	1	99
42	100	85
58	19	78
63	13	38
96	42	18
42	48	47
47	97	29
54	84	38
19	61	62
66	88	39
9	97	26
82	90	40
29	33	82
69	29	49
71	13	9
18	80	26
96	70	29
62	46	7
42	49	65
99	21	81
27	78	19
57	93	97
86	19	33
14	2	13
72	61	91
31	73	57
80	42	47
37	28	36
71	2	8
15	35	5
17	94	61
32	19	57
47	43	4
14	26	25
66	97	77
79	30	5
58	79	32
49	16	68
69	90	30
78	12	43
65	7	20
24	99	16
98	53	46
28	49	54
56	68	43
14	60	75
95	38	88
46	42	60
17	79	27
48	50	44
52	63	7
7	88	51
54	69	47
10	86	59
71	33	66
66	68	28
47	39	11
15	66	60
62	99	75
73	4	85
45	77	27
42	57	77
77	55	58
63	53	77
18	26	78
47	1	37
69	48	50
39	46	90
23	56	100
53	69	42
53	40	15
1	20	6
57	46	13
57	35	83
44	74	59
69	94	7
32	52	45
62	28	27
76	75	85
17	79	58
32	47	55
32	11	51
81	10	62
94	42	61
54	57	68
98	59	1
54	45	72
93	67	44
28	6	92
87	27	33
86	11	64
31	91	9
22	21	23
79	96	85
9	96	9
17	80	83
78	35	56
50	61	32
52	33	50
19	32	80
18	84	76
36	93	26
48	36	40
9	15	98
97	62	22
41	52	76
78	43	36
80	41	85
1	93	56
53	69	29
38	94	37
22	77	35
84	62	68
3	89	2
46	40	85
40	27	48
97	8	37
25	44	79
98	79	57
54	54	42
35	55	41
2	47	60
39	80	57
27	77	65
67	85	74
11	86	48
70	77	63
65	20	40
96	64	34
40	50	18
5	84	41
37	68	46
85	11	41
37	22	22
23	71	4
1	5	72
5	9	82
100	86	78
78	93	14
12	64	91
58	11	15
89	86	70
60	48	33
69	42	78
37	73	69
13	29	93
8	24	92
31	39	42
25	87	28
76	68	75
23	38	8
47	60	68
96	81	22
33	31	59
36	25	86
39	48	96
10	65	55
12	100	71
69	67	43
80	21	61
58	23	87
57	43	41
2	39	20
15	73	53
57	12	86
32	22	64
30	15	12
36	60	34
81	14	57
1	74	2
17	66	6
37	2	17
41	13	38
65	81	71
44	65	82
22	93	4
2	79	43
16	63	8
80	96	32
24	15	70
45	34	3
4	65	41
28	77	96
71	1	82
35	83	31
64	75	76
24	57	67
30	90	59
86	64	85
78	32	46
63	5	86
89	66	96
61	18	63
16	6	27
48	74	97
79	8	58
45	19	40
9	7	13
19	56	3
85	71	25
100	18	86
18	89	85
38	27	18
90	53	31
98	94	48
25	30	77
53	81	39
72	16	97
25	99	44
43	12	32
34	18	63
13	8	79
61	25	41
62	21	41
28	82	49
4	2	5
34	41	89
53	7	69
17	87	11
92	68	63
1	91	97
100	94	62
81	62	89
60	95	25
71	80	47
13	10	15
54	95	83
11	27	68
71	93	68
85	63	81
22	8	36
6	41	26
4	87	35
87	20	43
61	50	48
69	81	32
66	34	79
23	1	17
58	83	15
4	14	69
33	23	46
60	93	33
74	65	71
62	70	68
18	93	84
52	73	56
20	73	39
31	51	18
62	13	68
66	66	7
28	15	1
40	69	32
43	80	88
1	45	75
35	4	20
37	24	40
99	35	47
91	2	33
82	44	85
84	16	7
1	19	46
15	13	58
19	55	74
1	57	57
29	35	95
70	63	91
39	75	61
95	86	6
83	69	97
17	88	36
86	79	23
7	12	98
97	90	83
91	91	16
27	70	82
69	81	11
47	71	100
97	92	21
30	95	62
31	65	32
23	64	82
40	21	72
89	65	29
19	75	58
47	13	97
24	80	82
40	100	24
4	32	44
78	52	70
22	16	85
94	64	74
25	93	35
83	21	11
93	73	51
23	98	89
21	36	40
85	100	52
17	11	54
13	63	7
14	56	97
47	94	12
75	37	76
100	30	94
60	91	74
26	51	11
41	73	20
40	33	11
23	49	93
59	55	14
61	9	40
60	72	69
86	68	4
28	3	53
7	58	78
57	21	48
83	18	18
28	39	20
91	59	56
4	58	84
61	15	50
1	54	41
73	43	3
13	63	87
16	28	65
85	55	65
91	93	57
91	63	69
16	14	51
64	88	91
69	59	35
68	25	71
65	55	93
51	64	5
90	97	54
46	50	67
78	66	7
9	82	28
32	52	42
16	35	94
3	81	8
66	21	12
68	64	53
25	26	54
55	71	53
32	3	34
80	61	69
76	59	66
17	48	31
70	63	53
81	83	70
33	8	83
82	12	70
70	58	39
56	40	50
19	71	8
5	81	30
41	90	86
77	19	33
35	69	28
13	73	75
80	57	60
96	76	71
38	85	38
17	9	90
70	27	82
42	59	43
5	41	87
39	97	56
46	55	47
70	49	54
8	61	66
34	22	54
78	30	8
34	47	73
11	97	58
11	75	47
73	20	90
73	41	48
14	76	67
67	12	55
82	46	26
99	44	67
22	22	56
44	59	2
9	13	40
69	70	21
64	88	9
28	7	67
31	38	37
40	3	39
53	56	93
86	88	56
95	66	3
94	55	56
92	97	12
83	3	74
67	82	84
12	49	56
82	97	26
2	24	47
22	1	32
96	60	68
75	4	41
60	4	32
93	14	4
64	48	70
78	83	79
2	85	96
87	53	31
61	71	49
23	69	28
78	19	51
83	30	10
53	50	42
54	57	14
37	100	71
16	58	17
81	43	53
62	67	33
49	76	40
25	12	81
47	19	53
79	86	13
52	12	70
54	84	33
73	47	40
99	22	82
91	25	62
99	49	73
2	39	38
87	63	44
85	83	81
26	82	54
39	68	87
43	61	4
31	9	21
79	52	6
9	33	75
40	9	69
24	1	19
76	95	60
19	94	42
80	23	21
38	6	27
56	5	60
98	97	20
8	100	19
90	57	48
93	69	13
77	75	80
75	54	51
94	98	12
31	36	63
9	35	47
84	8	78
38	69	99
36	49	86
57	49	58
13	23	53
46	62	15
4	94	19
71	45	98
73	34	56
1	88	97
79	97	43
91	3	85
25	28	31
23	22	31
33	32	47
77	23	16
99	15	45
72	51	21
14	94	49
22	63	84
83	89	14
34	100	70
12	89	15
77	54	58
46	80	4
64	66	20
10	34	30
75	81	47
28	20	64
45	40	37
85	64	64
10	52	62
58	21	91
40	75	17
65	71	26
47	84	38
98	94	3
63	12	59
55	56	58
72	29	23
63	18	94
30	77	56
31	53	100
90	71	93
16	76	90
2	79	25
72	31	21
88	78	56
25	31	86
35	79	39
24	86	78
34	69	21
64	50	33
49	92	60
44	23	41
5	47	83
47	73	9
41	10	87
29	97	46
67	83	81
6	10	18
53	59	28
69	7	91
12	43	28
21	89	9
31	31	55
50	36	89
58	53	49
8	15	65
89	75	79
38	67	91
17	22	89
43	55	65
86	49	85
69	90	77
52	8	71
62	95	28
15	69	20
55	82	20
6	90	24
6	89	3
24	13	32
72	91	1
31	71	48
75	34	41
77	77	4
3	50	19
35	100	86
51	96	94
98	79	35
27	1	26
43	81	16
53	11	96
8	34	64
30	8	61
29	73	86
80	19	59
54	12	89
75	42	34
56	22	89
13	45	83
83	53	22
21	46	75
73	80	56
19	39	69
22	55	16
25	92	15
14	31	17
1	35	27
23	18	68
18	58	53
47	51	77
33	97	25
47	46	21
83	76	71
28	81	12
12	17	92
28	80	12
48	80	74
31	11	99
85	4	13
75	3	84
33	83	86
58	13	24
18	44	47
15	26	8
54	73	63
72	35	52
48	53	4
48	74	95
61	38	27
34	32	7
56	85	23
98	14	27
65	88	4
93	49	42
61	12	52
44	57	98
86	47	57
8	7	12
14	25	15
62	73	18
84	77	87
9	76	59
20	75	48
82	82	10
90	44	92
35	54	54
90	36	46
14	27	87
27	59	2
4	94	31
46	89	31
7	65	60
68	17	27
4	11	88
96	73	17
83	65	60
2	47	53
42	31	70
92	50	96
11	43	60
3	75	95
25	7	3
85	56	20
72	75	96
87	63	91
76	56	26
59	60	97
49	98	34
67	86	9
83	59	78
25	98	20
2	43	5
69	99	30
27	34	8
63	59	89
66	79	52
91	77	70
31	4	2
66	42	67
90	41	47
85	4	39
33	43	91
5	90	45
85	15	17
30	92	66
94	72	83
38	84	68
22	89	57
28	32	45
5	92	61
72	38	30
1	3	87
63	56	78
59	53	94
92	18	6
60	74	94
42	79	91
56	70	44
77	52	85
26	23	22
82	65	39
26	23	54
38	23	64
40	95	47
66	42	8
22	57	48
20	39	78
24	72	40
1	88	50
77	91	32
63	57	37
86	70	65
99	74	21
70	51	61
54	29	69
64	70	4
95	41	31
41	10	88
83	72	78
79	96	90
75	38	40
56	13	30
6	51	63
17	99	45
79	51	72
63	32	54
54	37	90
5	87	25
63	11	14
12	7	99
29	81	58
70	21	100
56	57	23
40	38	67
52	78	11
68	37	30
25	32	63
6	48	60
17	63	19
59	79	33
81	51	23
54	40	6
40	87	67
94	36	27
43	88	49
49	43	85
8	61	2
83	97	54
84	72	5
21	93	19
44	55	38
38	66	90
54	99	73
56	40	85
51	7	98
81	35	78
5	91	35
6	89	62
94	22	80
56	18	27
15	10	87
53	76	8
87	53	17
54	64	6
6	75	91
48	68	20
13	65	75
83	67	2
8	91	3
78	53	50
4	57	89
50	71	41
79	62	31
52	78	33
13	86	25
53	35	37
87	62	66
87	25	5
21	71	80
40	77	98
63	68	75
31	67	1
77	53	98
7	42	36
41	25	68
34	73	63
60	34	37
17	17	33
72	27	83
32	59	30
5	83	59
67	97	64
43	61	21
21	79	15
4	67	36
88	49	87
15	71	28
45	91	9
90	76	71
73	33	77
52	82	29
41	17	12
23	79	23
90	82	100
55	22	35
8	81	75
13	24	48
66	57	11
71	88	10
48	2	52
13	24	1
90	44	31
36	36	38
91	8	55
93	65	87
77	31	50
94	46	63
41	38	86
99	97	72
48	98	31
100	70	71
32	11	80
17	90	94
90	20	30
26	74	39
91	40	15
2	5	1
49	14	71
44	88	73
75	72	100
55	66	96
21	87	32
97	34	42
39	12	65
4	99	52
100	57	22
8	89	4
57	43	42
19	71	20
65	77	4
68	31	11
9	100	38
73	96	17
96	73	57
35	96	23
59	7	72
51	3	12
92	86	62
38	57	81
38	54	51
54	27	10
12	44	44
76	22	67
96	10	60
15	28	20
61	22	41
25	58	87
43	74	46
58	89	56
76	10	52
14	40	28
48	35	52
69	26	5
26	98	24
57	81	55
28	91	64
42	47	4
26	91	74
6	96	43
78	51	100
70	44	66
97	16	95
81	5	79
92	88	49
91	59	86
70	76	62
43	51	99
87	64	87
59	83	97
97	50	91
43	11	33
41	33	73
62	42	41
57	36	6
65	59	7
45	53	67
82	38	19
15	71	25
64	51	82
5	35	39
9	19	88
88	93	23
73	64	7
48	56	60
56	27	74
24	70	76
54	95	8
85	34	54
30	10	50
61	2	41
69	69	57
63	81	34
57	78	32
85	39	15
46	38	9
17	65	16
66	22	97
27	42	52
73	96	55
85	58	53
12	52	7
64	55	92
31	73	2
9	9	88
71	98	40
50	34	59
74	71	54
58	60	71
23	62	2
12	10	26
19	19	46
21	28	28
94	98	11
24	36	97
40	21	33
56	81	2
86	87	7
83	10	13
76	63	63
66	71	19
86	54	49
92	1	35
59	59	100
100	79	45
65	80	27
45	74	74
33	65	10
6	62	65
31	47	32
53	3	56
56	46	9
55	29	3
49	98	9
99	21	73
15	31	75
62	30	7
8	5	47
65	72	17
80	83	63
65	50	37
68	43	80
26	60	90
11	18	47
90	77	91
42	35	5
81	3	44
23	34	91
32	88	86
33	77	51
71	58	93
16	42	80
60	6	28
97	61	11
22	16	33
60	68	64
49	54	100
8	68	96
79	74	14
29	47	100
15	90	13
17	55	16
15	92	86
10	11	71
7	5	47
14	75	8
72	21	27
23	15	67
15	49	37
39	72	44
88	98	24
42	8	72
36	57	88
33	71	62
43	26	64
86	75	45
14	64	90
57	15	64
85	64	73
100	7	63
93	2	52
56	6	28
81	88	10
82	18	67
40	100	8
91	12	83
56	92	48
27	32	4
11	27	91
27	22	86
63	71	49
13	25	68
93	68	88
11	56	10
46	32	24
54	23	71
62	11	1
49	1	27
17	11	10
65	90	35
6	9	30
38	53	79
82	5	100
12	93	93
77	37	71
52	6	65
16	81	20
72	74	32
100	70	96
94	40	99
63	69	42
28	34	95
72	17	28
68	31	72
29	72	1
37	94	78
88	79	85
17	81	21
32	7	77
20	91	66
14	75	54
55	16	75
46	61	39
31	29	25
10	42	98
80	25	84
94	58	77
7	92	14
37	9	29
37	88	48
55	80	60
94	64	2
7	46	13
41	59	94
31	97	8
28	57	3
10	57	59
75	88	32
34	70	66
61	44	65
21	13	59
38	27	14
66	68	13
36	57	29
59	99	5
76	56	69
7	99	6
85	85	42
9	17	53
35	3	57
60	44	53
87	88	70
89	52	2
3	66	18
48	99	72
3	85	81
24	83	5
83	3	59
73	7	43
26	39	70
40	35	12
74	52	97
79	98	82
27	4	51
33	3	38
67	70	7
10	71	74
33	7	18
28	89	25
6	76	88
77	90	4
9	41	22
76	51	72
4	80	27
25	50	39
96	20	50
59	85	37
15	83	9
20	72	87
87	27	81
54	65	24
40	98	70
33	45	30
77	4	76
27	27	53
27	48	94
90	11	51
43	91	98
62	39	57
45	49	6
74	67	74
63	1	56
20	53	5
46	82	62
93	23	29
83	65	27
2	63	33
68	20	93
11	14	96
39	91	30
81	70	15
76	1	19
84	25	90
80	15	27
52	59	58
75	91	82
2	21	79
42	59	76
41	83	99
55	12	18
48	19	16
36	90	100
47	75	12
20	37	87
79	73	16
38	16	35
79	49	79
61	5	12
26	36	41
79	8	18
56	85	30
68	11	38
67	15	79
80	81	92
89	73	71
66	60	26
30	13	59
86	69	97
48	47	75
99	93	59
17	34	75
48	18	53
60	39	10
78	49	44
40	31	26
50	78	30
99	44	15
1	16	57
30	83	9
97	6	87
47	64	16
26	62	68
57	96	48
57	28	80
95	100	44
77	5	44
1	85	19
80	37	47
13	31	84
95	57	50
92	71	47
99	41	65
38	51	38
31	62	1
66	100	95
51	51	93
31	68	100
28	72	25
4	75	23
29	84	70
17	84	50
26	100	54
59	24	49
53	97	42
48	18	47
28	87	17
80	82	48
90	38	33
72	10	63
98	1	51
38	60	81
82	78	42
5	91	81
15	63	30
55	35	57
34	23	27
6	63	9
97	80	46
42	99	33
27	32	16
22	84	1
59	61	52
40	54	66
34	24	45
3	32	76
15	32	50
40	82	67
36	81	51
1	52	25
50	58	48
39	30	1
65	50	64
24	17	89
4	84	30
8	60	55
55	80	59
40	98	16
59	13	76
67	50	24
86	63	77
32	81	72
63	10	54
46	88	34
77	74	66
2	99	68
1	97	57
58	54	87
54	76	84
95	31	49
80	83	71
25	70	24
47	64	48
95	63	49
14	28	66
71	68	23
92	16	92
56	89	61
32	93	14
69	33	91
23	80	100
83	99	90
79	44	43
100	66	76
7	94	59
88	61	54
38	64	50
95	29	28
99	68	98
40	83	86
87	57	73
77	3	98
29	70	31
21	85	94
95	27	88
43	17	41
43	71	34
65	20	87
35	56	48
78	76	45
49	87	21
65	64	50
59	77	10
47	15	55
14	44	85
19	76	79
13	48	42
99	1	62
5	80	79
88	36	28
3	86	46
41	92	52
97	37	16
14	74	56
12	29	40
21	40	26
62	63	96
82	70	30
55	39	25
84	16	31
24	53	43
14	70	30
71	82	75
8	80	68
8	47	50
20	4	42
64	67	85
20	57	23
22	77	7
37	17	49
52	21	78
58	6	7
81	34	77
49	70	44
38	82	55
6	23	23
47	94	77
35	88	7
79	20	80
1	93	64
27	17	32
55	95	29
94	29	67
53	11	74
94	94	67
11	58	18
80	16	90
90	96	79
77	92	9
86	67	43
19	29	96
51	80	46
53	97	33
48	61	79
55	26	21
47	68	65
17	68	100
22	93	76
73	83	58
81	55	24
69	45	25
69	3	32
56	79	5
41	96	97
60	69	21
82	60	57
22	27	20
63	45	82
29	4	63
76	84	73
44	75	89
90	33	76
76	63	3
95	40	98
74	88	18
63	79	91
98	48	34
59	51	98
12	87	82
10	50	42
68	43	20
68	74	59
84	46	90
92	96	54
46	56	94
49	43	88
23	74	91
47	66	48
35	89	54
44	10	52
79	21	9
31	39	32
78	28	55
1	57	54
40	40	68
78	8	31
4	94	39
63	10	53
75	10	70
13	2	21
32	58	29
77	61	80
61	50	52
64	39	24
85	84	62
37	94	41
63	15	41
58	61	91
68	27	88
4	42	98
15	7	57
44	45	94
46	43	93
97	79	73
1	71	11
72	58	11
72	97	45
78	44	83
100	90	96
8	28	2
54	19	77
97	53	91
88	16	98
57	73	58
2	39	75
46	76	57
27	12	17
2	20	33
2	39	90
71	83	51
75	95	39
48	59	18
41	47	88
25	22	86
33	56	64
27	13	48
92	61	84
54	66	100
24	83	55
54	72	41
47	4	11
33	47	45
23	86	62
12	87	2
58	40	42
4	17	10
51	86	48
50	67	45
67	35	32
24	13	85
85	20	25
40	15	24
56	27	29
8	8	86
89	1	32
69	63	83
43	73	40
55	13	10
87	42	46
38	55	39
3	24	37
8	56	63
91	99	100
10	6	92
38	66	12
29	59	2
19	80	36
70	36	100
88	12	1
58	1	27
66	50	83
1	4	65
11	78	70
25	46	71
52	56	41
43	55	45
51	8	47
36	46	60
41	49	8
86	21	55
49	38	45
27	7	27
53	93	26
66	55	64
5	97	48
64	24	78
71	64	84
87	68	77
86	66	72
43	55	71
37	64	75
32	31	61
5	34	31
86	99	98
99	42	23
3	23	28
57	58	64
83	54	26
73	48	86
97	3	19
70	67	84
58	2	10
46	60	74
87	36	67
39	11	59
4	5	59
70	42	81
43	95	35
19	47	60
7	20	35
15	17	68
85	30	41
43	51	93
9	64	32
11	57	99
65	18	2
53	6	80
52	4	66
94	48	40
24	18	66
32	83	91
36	59	3
74	36	87
90	40	34
60	73	67
39	7	14
37	32	11
77	9	88
12	52	68
79	48	98
25	79	63
22	89	77
30	21	93
81	94	60
23	77	40
82	82	41
91	52	50
56	41	59
82	83	34
24	94	87
52	81	57
58	47	37
27	10	69
50	19	20
77	39	34
30	88	51
50	57	76
19	25	68
43	55	86
86	91	69
88	42	75
93	29	56
56	8	23
94	69	9
22	100	9
41	40	100
63	46	24
78	46	62
94	13	80
65	60	76
51	57	86
26	89	18
57	37	100
100	25	25
42	12	15
97	84	87
15	48	58
63	59	84
19	72	86
98	52	37
59	13	48
55	28	67
31	91	38
60	12	12
17	76	47
68	69	90
8	47	35
19	36	74
41	55	88
58	79	30
15	84	49
38	18	91
55	71	8
96	49	94
100	13	8
95	37	94
9	50	98
29	4	8
80	60	88
19	42	37
45	47	46
13	24	36
92	9	43
59	29	83
42	99	65
82	65	43
100	30	21
7	57	72
60	96	66
64	52	82
65	89	22
25	25	71
6	99	18
61	59	46
17	4	2
87	38	10
41	92	12
29	8	15
12	28	17
69	16	33
91	78	80
48	78	17
94	50	76
52	31	60
51	54	49
97	10	1
57	2	76
43	57	94
22	13	81
92	29	4
54	45	37
59	84	19
78	30	76
45	63	46
34	95	65
59	33	74
34	95	23
93	36	15
85	31	10
25	41	84
15	53	18
11	70	33
69	23	59
98	82	13
76	78	91
50	34	10
1	21	47
18	70	80
96	8	94
76	65	100
47	5	91
86	92	97
17	53	60
50	89	83
58	62	63
26	46	23
36	74	82
82	25	40
56	52	8
98	66	95
8	44	99
78	34	43
56	24	35
14	95	44
82	10	65
92	80	92
91	99	3
64	41	68
41	16	26
6	37	43
73	31	9
19	9	65
82	51	7
72	97	18
13	45	97
3	14	75
77	6	69
51	23	83
25	91	78
59	26	18
67	8	25
47	100	32
94	53	15
39	52	20
29	81	23
12	90	12
54	83	14
89	8	34
75	7	72
48	61	78
79	68	1
32	56	72
73	90	78
16	86	25
73	45	82
56	17	72
1	16	38
79	27	57
43	20	3
21	24	25
4	10	2
27	50	43
18	85	71
56	2	48
27	33	5
31	69	77
57	44	2
3	98	8
59	42	19
79	24	34
98	16	25
2	25	61
28	22	16
40	97	11
76	81	85
32	93	40
14	24	87
4	85	67
17	72	22
91	60	84
80	1	90
39	50	30
49	13	24
75	90	2
12	44	23
36	28	55
37	28	13
63	19	14
7	11	7
41	47	27
54	9	6
58	35	87
95	15	19
2	97	20
84	50	93
92	34	73
74	89	38
90	1	94
26	24	90
20	78	3
88	18	66
31	27	91
34	81	57
48	99	52
50	58	14
94	25	99
33	91	81
13	63	33
66	95	59
19	50	45
68	95	48
12	21	27
64	80	54
35	58	92
51	68	87
92	83	83
59	64	88
89	6	86
72	19	42
59	54	36
81	84	89
97	76	13
83	96	99
2	84	65
37	88	48
19	23	67
56	56	96
3	94	69
3	17	76
56	39	77
34	64	57
50	12	94
34	16	1
96	8	75
99	49	47
37	65	66
5	64	76
53	12	74
74	2	9
87	20	85
91	35	27
16	47	39
8	64	84
83	45	47
57	13	100
22	88	6
50	22	24
78	86	41
6	78	87
11	70	49
49	15	49
45	1	53
87	53	22
16	94	1
72	35	37
82	34	42
27	38	49
84	33	92
8	86	95
43	39	72
63	74	53
35	57	22
59	91	85
95	57	83
53	67	90
60	50	55
56	20	85
40	19	21
83	32	53
92	89	34
11	60	92
48	98	15
30	23	84
42	4	96
69	44	55
91	46	10
8	83	88
4	13	30
34	41	11
10	91	18
1	37	81
47	22	81
72	18	80
69	84	71
7	33	59
31	46	85
23	30	55
52	95	84
87	59	26
34	90	60
95	15	80
81	48	43
74	66	13
88	3	20
56	1	57
56	97	6
1	26	19
18	74	80
53	63	18
29	4	5
73	5	58
82	13	44
99	70	23
41	94	21
62	53	18
37	92	35
97	61	50
61	75	19
76	84	8
10	89	92
41	52	94
69	63	57
94	20	49
38	80	5
39	2	89
95	22	92
5	51	61
54	23	70
9	88	80
41	83	85
34	20	63
33	70	25
36	96	66
81	17	70
76	53	57
90	54	36
42	74	93
1	15	3
75	86	33
91	32	80
69	96	85
43	95	37
90	48	39
9	67	66
27	47	24
11	53	76
88	99	74
95	4	35
42	65	83
72	1	31
69	38	100
50	7	95
17	26	64
98	72	16
32	76	63
97	46	87
31	29	2
65	32	70
3	63	5
82	98	76
94	24	99
20	96	65
76	47	87
38	71	93
28	28	13
50	97	98
34	23	43
15	87	17
76	8	60
56	41	43
75	36	95
51	98	42
58	31	81
48	57	33
35	31	73
40	43	12
97	48	37
70	69	80
68	59	95
77	31	10
43	81	47
85	57	26
17	51	63
7	23	36
30	45	7
28	24	62
87	3	11
16	98	4
1	16	54
75	70	14
16	1	49
58	99	33
33	93	69
9	73	32
84	58	8
15	23	5
12	65	45
87	55	23
86	82	30
1	94	79
19	19	55
20	71	20
35	27	100
8	45	2
97	62	55
60	90	58
58	22	18
29	96	81
22	81	24
100	7	96
76	64	71
5	63	17
15	1	16
53	92	80
18	84	11
32	15	38
66	17	52
31	60	39
66	82	17
96	55	99
9	68	55
36	56	31
74	76	49
52	90	98
73	33	40
4	85	30
28	58	50
27	21	77
5	94	92
53	99	11
32	21	50
72	58	91
98	70	6
59	75	94
94	92	7
78	99	16
28	33	37
73	2	89
13	78	46
23	56	22
75	99	91
100	64	44
28	76	84
26	17	79
55	32	82
88	16	7
20	48	9
61	59	85
57	62	49
45	77	4
85	80	25
91	90	100
55	58	83
22	56	94
18	57	53
46	35	23
16	58	30
3	91	25
53	84	99
82	18	76
80	30	92
34	6	25
28	76	10
58	61	6
85	37	77
22	56	29
60	71	21
50	52	63
9	14	19
75	17	88
37	44	34
71	57	42
98	53	60
30	39	34
91	97	10
60	32	40
55	50	59
92	50	32
38	36	53
90	87	64
86	6	54
57	22	88
55	48	71
88	11	20
18	98	24
100	13	51
42	40	99
47	19	42
23	66	22
89	96	20
71	66	77
59	75	33
83	23	45
56	27	11
69	97	25
57	86	73
34	1	84
52	30	96
12	77	23
68	70	23
87	43	20
55	28	5
88	52	85
95	75	71
82	76	59
75	66	14
5	5	100
73	49	55
5	36	100
5	70	14
49	72	28
10	99	17
10	71	28
81	42	32
45	46	12
95	99	2
58	97	84
13	81	1
31	54	69
60	69	86
74	31	100
28	56	70
73	67	93
83	49	76
17	37	58
91	76	100
39	7	62
28	30	92
29	12	80
1	22	66
8	93	31
63	48	80
95	30	22
4	86	62
68	49	52
67	79	7
84	85	98
13	25	95
17	73	48
39	28	68
2	13	7
40	16	21
59	2	63
78	98	72
20	89	55
3	39	72
78	91	32
85	41	45
98	70	46
69	25	83
96	61	30
57	97	86
61	2	51
44	20	3
78	12	18
93	58	13
18	47	55
51	83	38
80	21	34
51	97	22
33	50	72
50	78	94
10	82	88
52	53	17
99	10	29
87	89	44
84	38	41
56	25	87
89	32	73
74	53	7
39	46	77
67	95	72
94	28	23
97	31	23
55	40	97
46	52	26
26	53	2
27	33	74
11	74	93
4	1	22
56	76	57
91	92	42
92	63	20
29	53	63
78	3	2
24	20	87
61	60	39
48	58	66
49	3	12
27	28	58
52	30	83
96	17	20
25	10	23
18	99	71
69	89	100
89	79	60
80	9	17
1	91	91
4	45	60
87	36	59
81	83	17
52	28	23
30	31	93
11	40	40
21	77	17
63	56	65
75	15	67
35	77	74
79	9	5
95	72	15
10	56	39
11	8	24
98	64	89
68	7	56
14	13	58
13	26	54
81	79	29
2	30	79
58	27	32
84	27	82
84	23	65
22	23	99
53	52	42
4	56	34
79	18	59
21	50	68
44	76	43
19	3	1
92	11	83
69	76	65
3	16	17
41	57	36
82	76	85
30	61	23
67	6	10
29	60	84
66	82	1
6	100	70
30	41	42
37	43	69
37	51	56
77	27	77
10	45	57
63	82	84
79	29	54
53	24	63
33	87	55
94	60	47
52	40	100
13	34	37
67	3	100
68	11	84
24	53	12
90	44	80
55	100	5
12	29	20
97	66	85
100	30	61
94	69	95
40	97	6
67	47	57
89	33	65
15	21	82
48	47	60
20	53	71
82	40	99
62	47	7
87	95	76
50	100	79
97	79	13
58	40	50
81	42	25
56	75	17
76	70	28
96	75	75
12	78	59
63	80	23
11	23	55
51	97	82
64	27	35
34	74	83
53	61	77
70	5	48
53	6	31
57	40	69
23	74	9
44	25	26
21	81	73
73	54	37
15	62	62
19	44	81
57	91	87
7	73	4
13	29	88
52	3	96
88	45	31
49	8	48
71	25	46
72	29	81
50	81	53
21	88	85
1	61	86
69	85	65
42	3	78
95	94	77
34	25	83
55	77	88
79	79	38
95	77	73
31	77	79
93	1	61
71	58	6
69	4	46
98	28	75
35	75	96
2	78	84
38	11	22
68	19	1
65	58	25
17	2	2
74	58	36
92	32	8
89	29	1
48	7	40
34	16	52
99	36	92
47	47	16
79	26	75
86	71	93
47	24	65
13	39	89
56	80	76
49	75	6
41	84	25
100	10	33
70	53	96
67	61	21
13	26	54
14	30	41
36	15	18
89	76	24
58	96	24
88	14	87
31	3	9
61	29	96
9	66	3
36	35	41
46	89	23
59	40	100
40	90	15
41	44	28
72	95	14
43	93	87
50	28	65
59	1	21
93	36	67
18	80	1
27	46	42
20	63	84
25	64	11
31	83	61
91	11	63
90	87	3
86	6	75
41	73	39
69	52	62
96	75	33
13	39	25
67	20	72
97	47	93
67	58	20
94	37	86
66	90	79
44	44	33
15	45	22
5	84	21
5	74	76
53	9	58
64	73	29
14	1	27
39	24	26
25	87	59
89	26	48
7	66	21
6	95	59
18	58	92
25	92	16
100	42	17
25	79	74
95	32	82
92	72	54
49	80	33
12	53	99
4	85	30
32	60	5
5	86	94
54	32	92
35	59	34
18	82	37
75	37	25
38	88	33
20	95	86
75	60	48
66	53	26
16	39	44
25	44	14
99	16	83
14	18	5
24	29	91
33	36	40
17	81	75
37	41	65
12	21	2
46	88	27
37	31	52
53	57	54
21	56	32
30	15	65
13	3	16
9	9	79
89	24	56
32	10	52
65	73	80
90	98	35
37	6	11
92	41	81
66	52	28
77	4	59
64	70	58
83	34	65
87	98	9
31	59	46
94	39	16
51	72	91
98	37	67
82	62	84
56	94	4
25	97	13
91	92	75
84	23	97
87	5	52
43	65	94
54	100	80
75	45	6
61	28	55
92	59	46
49	76	3
40	86	74
22	95	17
19	32	20
32	59	38
86	46	1
38	41	87
1	27	43
49	45	59
94	19	60
46	28	42
93	47	74
62	37	21
29	98	35
75	8	7
61	14	64
58	89	49
60	96	53
21	15	93
3	96	4
36	56	78
10	68	94
35	11	71
59	84	2
40	44	39
71	18	73
85	37	25
49	29	37
61	29	35
31	4	11
45	67	96
94	74	99
6	86	10
100	90	8
16	27	46
45	93	91
23	29	39
34	33	91
59	33	41
10	33	99
36	22	84
46	78	67
65	44	77
38	5	8
59	62	61
29	82	79
91	18	32
71	46	96
14	95	78
32	61	13
29	25	74
70	54	100
5	85	85
81	10	18
71	82	19
60	90	61
59	12	28
11	78	95
38	79	19
8	38	88
26	10	58
58	76	30
21	80	69
3	92	37
94	25	27
29	68	94
56	54	27
25	6	14
58	77	18
18	55	74
1	51	73
25	62	72
98	25	95
98	28	79
2	69	16
58	78	89
100	72	65
25	45	67
65	24	61
22	96	95
43	49	26
26	72	26
14	6	53
16	10	37
60	85	51
49	10	22
84	79	88
17	45	62
85	78	88
34	81	79
31	99	4
85	56	34
58	8	16
12	87	18
97	56	35
65	99	42
87	2	16
20	20	77
78	35	88
79	97	2
78	80	89
65	53	88
79	42	50
96	72	1
61	19	93
39	24	42
34	24	30
70	25	95
1	24	78
97	58	68
36	36	37
89	43	95
33	24	26
36	60	79
79	69	71
79	93	49
76	61	84
50	97	46
4	11	67
39	97	99
24	51	23
39	88	37
53	90	3
8	14	21
81	84	21
43	93	44
40	73	42
89	97	58
52	91	93
16	24	69
81	41	34
17	79	92
63	6	53
58	58	48
79	42	9
49	48	97
72	16	34
75	1	57
93	7	12
41	36	19
14	65	8
63	36	63
96	1	50
75	42	61
21	45	97
2	48	28
77	40	1
68	31	76
37	84	38
30	27	22
9	20	40
53	39	17
1	87	44
17	37	5
18	4	11
72	90	59
48	83	19
21	88	80
39	81	5
84	38	94
3	56	49
23	84	47
93	54	68
91	88	22
36	23	45
5	7	80
27	11	14
3	48	38
1	96	64
96	58	43
41	63	1
38	32	41
18	78	87
16	27	59
11	2	94
98	52	68
45	36	64
16	96	96
17	49	73
81	14	66
80	8	54
47	39	63
68	39	56
36	8	10
15	49	27
73	20	28
46	49	100
93	89	88
46	53	38
35	79	47
86	99	20
89	38	65
39	37	55
89	1	77
91	1	20
76	40	61
48	74	72
3	49	63
62	40	98
35	54	20
42	40	48
40	44	25
46	13	93
15	58	9
14	94	23
23	54	42
84	37	45
91	94	9
11	6	89
30	7	34
12	13	55
30	88	6
8	71	79
14	98	92
59	27	84
18	82	100
28	4	60
11	51	88
41	42	96
59	74	25
67	95	60
74	90	99
15	66	81
26	36	9
23	3	16
47	99	39
61	22	26
9	57	12
59	47	42
41	87	63
90	45	22
69	10	35
88	66	35
84	61	79
36	58	80
55	22	11
80	84	36
85	58	63
71	61	43
68	88	51
26	56	55
21	39	47
56	15	52
40	95	65
56	25	17
31	58	81
46	82	15
58	95	83
74	1	41
14	41	96
20	62	74
18	50	81
24	2	3
48	57	85
62	78	86
75	5	7
40	49	58
90	76	62
97	47	66
27	41	21
32	59	90
100	91	91
35	69	96
56	74	93
59	53	14
72	78	55
100	44	23
1	42	87
91	82	78
89	64	9
92	47	66
32	95	32
40	16	83
22	41	39
74	98	12
67	53	27
58	52	47
97	55	91
51	54	69
30	48	3
60	4	84
86	71	10
51	93	24
37	37	94
53	40	62
92	71	55
33	54	77
2	84	42
96	84	51
31	81	61
10	98	69
79	100	59
38	97	31
64	24	31
33	94	26
59	10	81
11	43	13
4	98	92
62	96	19
98	86	34
23	97	38
97	92	15
94	94	57
64	39	80
43	35	74
61	15	98
75	18	28
47	98	16
33	56	53
85	15	9
74	50	81
27	36	81
44	36	81
68	23	7
33	73	98
42	93	2
65	49	51
21	70	45
61	31	25
55	12	99
24	50	82
53	94	44
81	90	18
87	27	52
95	16	3
47	5	71
6	22	20
59	77	13
75	45	9
29	40	66
76	9	50
28	40	44
45	10	28
61	3	93
34	96	2
15	25	28
43	23	75
53	24	44
77	98	74
61	72	15
60	56	29
67	98	14
2	5	5
11	28	39
21	56	22
13	17	41
74	18	57
10	35	50
51	75	1
27	3	94
54	91	33
9	95	35
70	25	1
31	49	64
13	80	2
6	1	89
60	66	2
23	95	5
1	98	86
28	38	84
57	63	46
93	51	73
50	27	69
30	38	90
34	60	55
38	35	95
46	38	31
32	69	77
20	43	66
91	69	85
59	66	24
67	96	78
23	53	57
28	37	77
32	31	12
86	67	83
69	90	97
9	23	69
11	29	45
83	75	39
32	51	3
16	57	60
13	45	62
22	92	36
53	68	98
77	8	23
69	34	59
20	48	53
3	73	92
89	16	89
97	100	93
41	83	63
66	45	93
55	63	23
37	11	47
89	52	96
1	33	82
86	15	36
80	82	92
57	61	41
96	80	5
49	50	98
59	67	75
73	40	36
71	22	49
66	54	54
2	36	65
96	24	94
77	61	2
100	8	56
97	20	85
40	38	56
9	5	25
1	9	91
39	65	90
78	69	52
44	33	72
40	41	58
61	22	18
60	30	8
76	43	15
38	29	19
93	68	93
89	21	4
69	45	7
85	30	56
38	17	87
35	38	85
58	92	89
2	83	98
49	79	12
94	21	47
42	49	84
9	9	60
72	2	14
87	14	1
42	10	10
47	69	36
24	14	68
59	58	84
94	11	19
50	12	4
100	34	27
66	81	71
97	87	36
87	96	63
82	67	21
80	74	8
2	22	10
88	51	79
34	43	80
57	26	26
7	43	76
72	97	40
98	10	80
32	24	29
74	49	93
71	49	43
42	3	76
12	56	46
34	100	47
97	93	87
85	68	67
58	54	67
69	32	59
70	4	88
96	84	18
79	95	46
6	20	31
74	18	86
61	52	77
20	30	99
63	19	21
99	16	9
62	42	19
97	34	41
4	50	58
57	35	42
86	62	5
9	7	24
53	23	85
46	31	98
56	87	60
96	34	8
66	15	41
53	10	28
22	27	55
16	38	80
85	71	30
14	32	58
62	53	77
89	57	87
85	48	54
52	23	52
82	64	58
61	14	78
8	40	57
43	26	81
34	14	69
47	11	17
56	45	24
12	2	17
64	7	31
38	40	71
9	51	93
51	40	90
99	54	7
22	32	20
47	30	65
56	22	20
69	18	3
57	4	12
89	42	33
79	86	84
13	58	31
97	82	49
85	66	30
79	39	3
46	86	72
53	56	62
35	20	66
80	2	73
6	55	49
15	57	53
68	85	59
43	77	71
76	99	75
3	98	53
6	26	27
12	53	87
86	44	83
30	33	21
13	93	16
23	16	42
100	30	77
9	75	55
77	29	54
91	94	47
10	43	62
23	9	15
84	29	6
76	78	9
72	66	45
56	52	2
95	99	1
77	63	77
97	87	46
62	71	35
57	35	81
42	2	58
59	86	60
26	37	25
22	23	30
66	35	8
44	74	11
76	98	58
92	69	3
82	8	54
3	92	76
15	93	70
51	50	31
55	13	89
40	58	44
69	22	31
94	18	58
67	39	87
1	46	51
45	33	40
83	100	94
40	60	69
94	31	92
54	51	13
90	80	81
32	96	83
65	18	57
31	72	35
38	68	70
75	23	64
19	99	79
68	57	64
60	79	86
29	84	55
60	87	84
60	9	66
21	32	5
97	97	85
61	51	90
32	47	94
99	48	14
38	80	22
75	3	63
35	52	9
90	74	69
49	26	7
63	54	97
59	83	8
68	82	92
62	53	33
79	70	23
14	35	15
89	71	80
3	81	77
80	44	91
80	82	20
29	37	76
21	14	72
42	76	83
72	5	16
61	41	83
63	41	1
74	36	64
50	16	57
19	83	88
33	55	56
31	57	28
97	42	24
95	84	14
90	79	79
40	26	94
63	45	25
59	99	22
33	54	8
92	8	92
18	6	68
54	49	39
13	20	68
21	18	76
65	43	93
40	40	22
13	52	87
84	35	46
81	44	6
17	76	25
75	61	32
16	45	41
40	100	29
35	11	77
90	95	92
4	92	95
9	21	85
90	42	42
24	80	55
73	76	78
70	49	33
79	49	16
53	91	60
26	79	68
59	61	85
64	23	63
12	61	4
95	99	40
30	81	72
90	67	92
44	66	1
84	89	36
93	85	57
10	13	69
86	81	28
42	5	68
9	53	96
57	5	51
79	39	54
96	81	12
52	87	83
94	99	58
95	6	30
68	59	96
66	70	59
4	28	96
42	6	67
61	25	13
22	18	80
87	77	58
78	3	84
33	29	96
55	31	57
98	43	34
52	71	14
70	68	10
78	8	60
47	58	53
45	78	12
2	77	13
70	93	12
27	87	95
49	15	61
17	85	73
66	34	63
91	21	7
23	12	99
45	46	76
57	85	55
57	74	27
91	49	66
13	70	60
92	98	68
36	24	81
67	90	5
59	66	79
46	90	17
48	82	43
44	50	27
88	87	81
97	48	65
98	99	49
47	85	36
59	77	18
57	84	65
11	16	8
77	74	72
45	63	33
85	57	84
60	65	33
62	75	18
9	54	61
4	89	79
92	57	15
52	42	44
15	52	68
75	96	78
82	55	26
36	56	98
63	82	66
92	66	17
9	56	36
20	55	5
15	39	30
31	74	13
38	38	26
72	20	2
89	63	11
46	32	24
18	59	10
78	23	67
51	56	60
93	56	1
5	39	9
82	20	45
23	76	43
91	96	68
44	26	32
48	74	36
34	83	80
6	68	44
96	36	31
50	55	19
86	35	49
60	79	47
83	98	31
32	39	73
46	34	15
40	98	86
3	52	79
67	28	27
58	9	94
18	70	81
40	40	13
14	73	30
80	56	93
65	88	90
54	88	42
86	45	99
9	26	68
21	9	48
39	12	25
45	57	26
58	12	20
37	70	53
80	98	19
100	55	50
23	4	59
43	96	55
43	30	76
39	81	87
5	85	25
75	44	18
88	75	83
97	22	15
3	59	94
31	97	11
9	76	27
12	17	35
71	6	20
3	82	25
33	6	8
21	11	49
55	46	10
50	49	95
86	7	2
77	53	26
32	38	43
84	19	53
84	75	17
29	11	32
6	10	84
97	91	98
9	52	73
65	10	93
66	67	34
27	78	12
26	36	9
19	57	20
93	62	92
26	65	67
29	86	76
97	39	89
90	68	81
76	69	4
86	10	19
77	18	44
50	77	70
18	42	64
66	12	30
19	58	74
7	54	4
94	72	5
83	66	50
88	5	72
37	99	12
62	24	3
78	76	34
77	91	92
66	62	61
78	98	62
54	36	60
53	70	7
4	99	62
27	54	38
94	92	39
67	36	12
20	29	59
21	77	90
59	17	76
89	45	30
49	69	2
58	28	19
3	79	62
55	41	35
13	54	3
41	88	58
56	35	34
74	84	33
64	29	10
83	45	71
57	67	49
24	3	76
67	42	87
96	84	11
49	11	67
2	35	16
68	48	1
55	27	14
84	86	57
68	8	15
58	1	15
98	91	33
22	34	69
18	56	100
26	39	22
44	47	66
31	21	97
55	96	28
49	35	23
96	38	20
49	94	92
88	66	33
23	51	98
53	37	96
34	69	74
72	1	4
77	31	2
56	89	11
66	7	83
70	49	34
70	56	62
82	90	34
53	16	72
76	28	93
90	24	43
97	60	81
36	79	18
22	7	89
3	19	72
74	62	25
96	34	60
93	38	25
57	62	8
11	39	8
76	2	50
59	74	21
65	51	60
12	51	76
8	26	69
5	36	89
42	17	18
64	42	56
70	78	36
39	63	9
40	5	55
94	24	4
88	83	42
2	30	43
34	26	14
82	14	51
67	34	54
24	37	81
31	32	4
7	1	20
24	57	63
33	39	4
38	4	16
77	76	66
42	76	20
82	61	51
25	6	89
97	91	100
56	95	26
25	78	80
15	98	88
12	22	41
69	10	95
89	79	38
15	27	42
79	34	28
1	15	46
36	33	42
75	28	88
79	44	53
12	21	90
27	26	54
58	26	24
11	71	2
99	2	33
11	34	4
95	76	43
37	66	38
98	68	3
53	39	17
34	60	85
56	33	95
12	73	25
97	2	95
8	61	50
35	23	28
63	24	77
66	1	4
43	39	2
88	92	97
99	36	61
98	38	52
66	99	55
28	43	74
87	93	28
70	42	34
18	43	17
61	46	4
2	83	54
97	26	85
55	30	75
32	39	93
58	64	44
3	19	21
6	81	68
9	5	29
59	41	6
41	84	98
88	9	13
80	48	12
83	60	76
20	99	39
88	66	19
18	58	17
63	25	86
31	70	27
80	10	41
1	28	94
22	84	94
1	12	100
48	73	55
66	6	34
88	63	55
71	71	26
27	63	21
21	37	35
42	40	31
60	51	64
8	92	95
11	33	35
10	65	12
80	57	81
85	5	95
25	30	1
11	34	13
89	43	71
48	76	5
12	32	74
1	82	46
21	42	27
63	43	30
94	4	95
87	74	24
49	84	40
43	43	96
8	55	52
15	96	35
64	1	7
26	86	45
58	14	9
43	1	18
23	74	65
69	66	58
95	27	29
58	56	78
64	52	82
55	39	85
58	9	48
37	61	51
96	12	71
32	48	21
76	69	86
97	21	63
68	10	91
35	29	79
10	57	59
20	2	35
21	43	71
4	26	17
72	28	67
56	13	28
55	92	16
14	2	14
35	50	41
1	92	87
35	21	93
53	66	11
9	41	46
45	75	66
46	4	8
78	42	71
68	34	30
45	81	53
2	10	48
96	13	63
67	50	81
72	32	87
7	41	26
65	23	66
12	74	96
17	17	89
31	32	55
78	49	90
20	74	30
47	29	5
5	27	55
32	90	55
2	69	48
71	14	59
95	92	58
93	92	54
71	83	45
66	49	90
31	8	48
4	8	71
40	20	89
15	32	14
70	77	38
31	24	68
96	81	64
100	35	26
38	65	69
42	95	77
22	40	49
68	57	20
63	91	17
20	25	84
80	6	65
94	31	81
90	84	95
53	25	12
93	95	89
88	58	69
12	3	53
7	34	7
95	42	76
2	29	82
97	6	35
2	57	10
61	46	20
86	66	31
70	58	6
83	30	61
54	21	38
77	21	40
96	74	27
74	24	9
3	24	76
3	83	46
72	34	1
87	95	27
75	51	30
19	100	71
84	98	83
32	68	79
17	21	10
44	50	81
83	52	49
57	30	28
67	92	14
35	33	24
16	28	43
27	66	17
92	55	64
41	86	50
5	31	55
16	35	3
89	10	98
18	40	22
86	86	6
80	83	83
83	14	67
30	28	60
27	88	63
48	81	28
26	15	71
75	67	71
74	89	47
70	80	99
25	23	82
17	42	67
39	61	27
39	35	2
66	77	22
95	89	12
36	37	20
64	85	59
58	77	69
30	22	21
43	46	6
11	40	76
15	83	93
50	69	99
69	41	10
53	34	73
66	53	76
50	61	93
53	46	59
29	67	48
35	43	89
38	2	27
10	86	85
87	42	82
90	36	31
83	92	19
23	46	88
86	86	68
58	38	97
64	16	60
53	22	84
24	35	35
17	57	16
96	11	20
41	45	34
58	59	37
95	35	85
3	42	89
91	27	87
53	10	5
55	32	63
46	57	43
88	6	32
100	14	37
7	38	50
7	11	66
85	89	18
21	91	72
65	57	42
39	95	33
18	94	32
69	18	47
74	39	47
64	56	51
39	72	1
11	36	14
44	88	16
48	68	60
34	81	37
32	89	18
73	66	72
64	28	54
40	50	56
5	63	92
87	19	58
58	53	58
18	24	95
12	68	91
100	1	28
34	74	31
4	44	39
46	73	83
38	53	39
35	75	5
19	97	35
60	54	39
14	53	60
24	5	38
8	25	61
98	64	59
57	39	9
37	10	64
50	16	87
69	52	55
93	31	90
83	27	2
1	21	47
45	30	88
2	91	42
41	51	13
2	78	4
24	52	3
52	58	95
7	42	32
90	34	68
71	34	67
93	45	24
44	65	13
30	49	75
49	70	91
55	18	51
26	46	21
16	5	8
100	48	61
15	57	30
62	28	40
34	26	62
2	21	27
40	76	55
54	82	47
48	48	40
14	53	79
72	55	15
38	3	14
18	34	39
40	7	48
43	34	73
79	85	19
16	12	21
50	76	95
7	5	20
6	45	36
18	3	52
69	67	14
57	43	59
50	12	26
89	78	33
80	41	78
97	6	98
56	47	77
35	47	27
1	57	10
5	31	75
100	88	68
78	20	52
68	29	13
79	60	90
43	92	52
84	87	50
35	44	44
62	6	91
20	75	31
17	33	92
35	20	46
80	9	91
57	95	87
84	10	100
67	28	66
77	71	73
51	28	56
58	90	24
56	37	83
90	17	68
6	40	52
56	67	48
91	80	37
65	50	26
48	29	37
23	50	35
78	82	74
75	42	40
61	13	7
35	76	34
88	75	85
29	17	96
95	83	9
35	100	85
44	47	85
73	59	38
37	54	65
94	50	78
17	87	98
10	67	94
76	51	68
65	75	92
70	41	60
79	15	96
54	53	32
76	52	20
61	25	10
34	35	25
92	87	58
23	11	100
50	54	78
5	100	71
36	60	91
19	94	10
64	8	10
5	94	100
40	51	15
53	68	12
13	35	5
21	51	61
38	6	15
72	68	20
21	30	43
64	17	47
91	68	62
64	24	11
52	56	91
31	70	79
28	38	82
79	14	67
99	85	19
91	42	18
51	26	44
4	75	34
81	69	100
59	78	6
4	23	77
74	89	11
48	58	23
76	71	100
33	45	33
95	55	38
79	71	13
99	57	56
18	24	12
66	19	94
4	23	77
49	44	96
44	50	27
95	87	69
20	83	4
33	95	93
2	84	54
9	33	2
97	78	23
62	9	94
51	60	8
59	38	83
76	66	39
59	42	100
73	36	10
56	82	16
23	51	92
84	28	42
1	7	79
23	39	64
29	46	30
87	34	93
42	15	73
66	9	93
34	86	30
7	73	4
78	10	68
87	24	44
80	65	78
53	1	32
68	77	43
29	98	56
16	64	45
36	23	99
81	13	30
16	81	44
36	23	14
35	41	74
94	44	23
97	25	56
25	61	29
74	12	8
93	85	78
18	56	45
95	38	81
57	23	49
48	25	50
36	85	91
87	3	17
78	5	64
12	21	25
98	85	56
68	27	58
98	58	35
48	18	56
89	60	93
41	61	19
17	30	74
33	12	48
72	96	8
64	61	78
74	55	76
21	28	68
9	95	73
7	38	64
16	45	26
25	7	79
20	23	66
51	12	40
28	2	4
98	32	89
71	28	40
19	7	29
20	90	9
84	61	13
68	30	4
30	100	28
6	4	97
6	14	60
18	34	84
51	33	53
23	84	49
69	85	45
59	15	96
46	83	69
62	45	91
88	57	24
28	54	16
63	91	55
95	8	26
90	70	67
95	100	83
21	56	24
33	77	93
6	23	60
100	72	31
75	11	49
16	24	79
99	99	52
62	88	97
65	65	37
100	75	41
97	18	39
66	65	8
93	84	24
64	27	100
37	62	51
3	59	76
88	73	37
71	55	74
8	60	29
48	84	38
63	85	53
32	72	20
69	48	73
24	5	84
66	88	13
9	90	21
51	44	48
10	4	7
79	8	37
20	31	53
53	61	83
59	48	94
77	92	20
46	100	19
6	6	62
97	63	50
82	4	53
70	98	64
48	95	1
82	51	88
21	63	84
60	52	79
12	28	42
29	88	2
97	49	68
93	73	84
29	49	24
47	33	40
81	89	27
78	65	38
80	99	95
72	21	92
73	81	46
31	55	43
34	58	8
45	89	17
98	3	8
21	13	76
39	19	6
85	76	11
95	60	68
75	85	53
78	61	59
92	90	48
78	72	22
8	81	3
18	51	42
17	92	11
15	11	13
15	37	87
57	35	32
65	14	86
4	75	74
10	92	38
50	8	79
99	65	7
12	8	20
100	7	73
34	57	75
57	10	5
79	29	84
55	46	68
76	75	47
10	9	18
73	18	27
44	69	88
82	17	48
46	36	30
23	8	5
41	99	78
9	52	79
96	17	13
22	36	41
48	98	9
3	34	31
37	90	65
89	5	4
73	62	45
9	24	75
1	94	56
1	51	42
30	92	73
89	90	80
66	40	30
79	25	86
100	94	96
8	23	79
74	77	91
7	31	13
42	73	31
39	35	19
15	45	33
5	63	33
48	25	22
96	71	57
89	8	55
56	19	18
2	28	44
7	58	7
42	9	87
31	72	51
92	89	45
39	62	6
60	3	26
19	7	18
49	32	99
60	34	38
42	69	53
94	95	68
31	64	30
88	89	96
52	5	83
80	41	75
98	6	15
94	74	100
60	24	59
54	88	69
18	57	70
45	8	97
2	14	95
77	44	1
91	37	3
62	15	64
41	8	71
17	34	16
4	3	17
51	78	32
93	45	44
5	12	17
71	81	16
64	18	54
38	48	83
36	28	48
43	98	39
31	78	100
30	45	19
18	80	86
25	5	27
90	15	43
82	84	36
84	19	63
77	54	74
2	71	14
37	37	30
93	48	36
13	97	66
20	19	71
87	10	7
44	20	43
17	91	45
53	17	97
22	36	76
90	62	82
95	64	82
80	98	75
100	3	26
74	34	40
40	35	75
95	69	3
46	4	24
21	12	7
46	61	62
9	41	65
95	10	59
39	49	7
29	42	4
16	99	40
90	7	77
58	46	78
4	98	46
86	75	50
16	55	1
80	66	8
72	11	10
54	92	24
38	64	48
66	5	74
79	19	44
28	40	1
63	36	31
40	55	50
70	52	18
94	70	95
57	48	23
54	2	98
55	94	14
48	28	24
78	26	82
12	82	98
26	39	46
70	9	3
6	21	40
55	72	16
69	92	39
81	17	17
29	60	4
76	33	83
25	52	5
54	71	81
57	79	5
57	32	26
100	76	49
81	54	38
80	6	58
18	42	65
93	88	19
51	89	4
47	18	10
30	13	28
64	57	85
40	1	76
30	24	19
36	30	61
59	37	13
13	89	100
58	29	11
3	70	60
94	13	72
53	66	12
58	93	59
63	81	46
44	85	4
34	59	1
90	22	18
26	38	78
66	26	76
100	27	5
10	81	7
50	32	91
3	32	2
25	54	21
5	62	45
24	56	82
99	8	44
77	59	91
49	46	21
45	4	81
46	10	13
71	12	75
29	80	58
80	89	43
77	30	37
35	53	58
58	11	22
95	28	93
62	64	37
53	11	8
76	40	55
62	38	1
95	11	58
45	29	85
65	66	86
85	88	42
92	73	35
49	72	16
96	94	44
62	66	16
69	71	15
56	1	68
33	36	97
20	47	78
27	63	44
15	34	86
80	79	29
83	57	56
100	36	98
63	84	54
59	26	25
42	72	30
68	92	45
99	17	59
62	90	77
93	42	98
40	86	89
25	39	88
74	92	80
23	26	67
4	92	42
39	18	20
100	43	90
61	76	92
62	83	82
11	41	38
36	58	38
54	7	56
43	1	62
38	79	48
70	7	59
47	57	55
58	23	10
26	30	87
64	69	73
74	21	64
68	44	57
70	29	50
78	18	74
85	47	7
48	11	73
38	63	58
86	81	85
78	64	44
100	6	63
28	15	67
7	100	77
12	12	82
4	99	79
63	96	52
73	95	41
25	10	34
2	26	67
15	76	58
7	24	23
13	1	17
88	71	68
94	20	48
36	98	57
8	14	99
59	24	84
33	31	46
49	22	77
5	76	67
95	47	68
94	9	77
81	15	10
90	35	59
1	72	40
4	41	96
16	30	75
65	50	3
26	33	99
14	8	97
32	51	81
23	38	94
62	66	63
61	20	78
65	88	80
54	55	12
55	95	48
40	59	50
96	80	66
7	100	79
99	71	70
59	48	17
37	7	7
33	19	2
91	59	32
59	59	89
35	99	24
37	95	63
59	29	23
16	26	40
87	87	40
22	53	79
85	34	74
39	52	26
87	47	26
27	14	13
3	18	88
45	96	94
21	47	38
91	56	83
85	100	20
59	39	10
65	21	94
45	83	6
91	4	24
2	1	15
74	59	74
17	13	91
53	26	52
12	28	14
88	15	20
68	54	57
51	75	81
28	96	12
22	38	18
89	9	98
18	10	60
1	43	44
34	38	70
17	80	66
53	59	9
30	98	41
84	70	22
100	93	8
65	52	78
13	15	11
4	74	2
47	87	28
71	60	95
90	61	41
19	2	26
39	68	93
10	41	5
15	54	74
12	10	64
93	41	68
88	14	59
38	8	38
46	69	15
29	54	17
75	1	7
29	83	11
6	87	32
15	11	26
5	49	66
17	16	8
46	78	55
23	12	95
48	82	95
32	87	66
48	89	74
96	54	70
6	100	89
79	70	91
80	9	4
47	12	66
50	5	95
80	88	61
5	58	99
14	28	28
49	72	78
7	50	99
48	22	55
47	71	19
75	59	50
96	53	46
48	25	61
80	76	5
86	44	20
51	89	59
14	85	25
26	42	88
15	59	79
80	21	5
26	77	13
23	43	3
79	93	100
94	69	51
21	80	92
68	14	3
2	73	6
15	42	69
16	82	48
95	43	44
19	12	36
73	73	35
18	91	41
41	75	64
76	22	65
51	76	44
23	32	20
49	6	23
13	23	88
62	77	37
26	7	60
93	51	72
41	62	38
91	95	52
47	92	41
9	32	89
51	65	49
93	13	49
22	2	54
94	86	74
32	42	23
7	29	25
39	52	3
56	99	37
30	38	25
57	92	8
82	25	21
12	92	94
73	28	80
78	37	60
69	89	31
42	35	22
23	1	58
89	14	23
41	25	1
22	1	88
57	56	36
6	60	85
94	85	96
31	34	58
6	59	9
85	48	7
48	97	61
50	87	24
48	25	78
28	18	48
55	83	19
17	47	39
22	47	2
24	62	60
43	63	56
93	98	30
73	6	51
15	85	74
20	42	47
25	62	59
9	11	18
16	39	85
23	22	6
77	54	35
93	5	32
89	83	90
25	53	100
34	80	83
54	27	20
91	57	86
90	3	49
72	84	41
95	80	33
40	81	7
92	69	53
44	49	28
2	87	88
39	87	24
25	14	54
58	36	89
59	92	86
49	96	17
73	8	79
62	54	54
82	53	85
38	32	3
1	56	85
6	40	26
97	90	40
24	7	96
31	79	78
61	57	6
70	55	88
60	61	69
7	74	35
59	11	22
79	20	84
26	5	81
54	62	40
58	83	37
6	39	97
52	24	49
1	88	72
23	25	35
100	19	52
17	43	3
20	49	89
5	69	75
23	36	51
28	45	28
26	68	14
81	56	56
98	16	11
40	2	76
84	46	35
23	85	33
98	10	29
57	91	99
25	10	94
84	96	63
98	85	21
65	52	78
49	21	95
16	55	45
11	89	96
100	77	59
90	58	14
36	20	50
7	78	96
21	34	49
96	18	61
77	93	97
87	41	21
66	52	37
31	82	34
26	95	74
51	26	47
86	94	63
84	74	26
17	18	49
41	20	28
21	23	72
8	1	20
32	94	52
53	72	43
67	24	90
52	99	70
3	97	95
30	45	49
21	31	1
18	83	24
81	58	8
67	12	43
34	85	49
64	79	12
76	67	48
54	85	79
66	34	29
67	41	5
31	47	6
28	63	88
77	64	78
61	19	12
73	64	69
57	93	25
1	93	37
96	19	19
80	6	45
26	76	55
46	44	62
68	72	42
46	50	34
31	10	76
74	62	93
5	76	89
9	24	54
90	26	30
54	57	19
5	65	1
17	36	50
52	64	85
80	51	18
80	40	83
42	46	1
9	97	26
100	47	38
47	47	35
52	79	86
71	9	73
1	85	64
60	77	97
85	93	19
8	13	14
3	53	72
91	21	70
76	55	93
4	65	1
3	2	71
58	93	85
24	92	23
61	24	46
21	27	43
80	83	53
42	67	53
70	39	77
93	35	78
39	98	65
34	89	72
60	47	30
47	58	97
53	78	82
98	4	91
76	89	12
36	93	87
27	51	83
14	35	48
67	71	55
69	24	75
1	64	80
3	29	58
60	21	30
20	2	50
48	28	7
7	68	46
76	35	99
72	48	57
4	76	4
61	53	80
74	76	57
14	3	2
57	89	18
88	58	14
74	48	43
53	63	93
28	78	64
68	36	75
85	67	72
98	61	53
99	31	86
84	30	2
76	10	15
90	88	31
76	38	50
54	83	13
7	3	23
30	57	61
13	84	31
74	47	20
71	74	25
63	6	20
54	1	36
82	37	34
42	7	61
33	52	21
9	7	74
45	1	41
3	60	41
99	90	51
29	21	48
40	55	38
91	61	78
94	8	81
86	27	13
8	27	20
90	18	32
70	2	4
12	71	67
17	23	24
21	42	1
77	90	34
74	90	92
60	38	97
11	85	88
41	88	56
88	51	94
65	45	14
17	14	76
63	53	29
87	14	53
15	26	34
71	43	4
78	16	49
35	21	7
68	17	80
26	77	28
23	56	33
26	13	66
40	58	64
9	23	22
3	55	21
16	25	90
28	49	50
71	54	68
38	29	68
41	4	81
71	88	28
51	35	17
81	89	90
91	90	91
64	49	20
82	68	76
10	67	98
74	19	18
60	9	77
54	94	89
92	83	98
62	15	92
64	38	20
10	99	52
56	72	96
69	10	26
65	66	1
48	97	11
86	20	56
13	56	77
44	29	98
73	26	64
29	99	16
53	95	37
16	29	100
30	41	58
62	44	7
72	35	27
60	34	49
87	87	2
43	32	3
45	86	98
30	87	38
61	57	20
11	7	54
63	71	26
68	36	58
76	77	27
81	47	35
36	29	22
43	31	52
77	50	83
91	93	58
61	42	52
79	34	63
26	65	13
14	71	64
30	80	66
46	60	90
73	43	74
45	37	95
62	64	86
57	91	15
15	39	38
89	79	65
61	77	31
4	29	47
93	47	18
5	35	48
4	61	4
82	58	73
38	52	100
70	38	57
46	27	88
13	37	56
68	6	44
64	5	13
61	38	86
90	68	72
94	55	53
82	77	29
85	44	63
13	13	78
2	49	59
32	14	56
76	81	29
63	71	81
84	68	34
6	20	48
18	98	11
15	21	71
1	26	43
93	38	89
12	26	58
100	6	12
43	89	80
20	61	48
6	4	66
26	37	68
100	77	93
76	69	61
13	69	88
34	45	38
77	54	39
76	54	91
80	48	55
18	56	10
48	96	22
61	18	36
57	21	32
33	29	67
98	17	51
6	9	53
10	85	56
64	52	95
22	54	64
3	58	71
17	76	8
3	50	88
53	85	10
57	83	20
47	66	97
47	57	56
56	67	77
88	41	35
88	13	84
51	16	10
77	13	78
24	20	62
84	47	100
42	20	34
46	5	18
32	25	71
29	65	9
73	22	26
14	14	11
22	78	6
6	72	35
61	61	56
53	43	33
60	97	3
23	46	86
25	22	63
74	12	92
93	82	56
11	1	9
76	20	83
21	17	97
88	99	41
52	95	71
93	62	64
93	94	20
77	3	80
79	86	48
74	58	90
54	55	84
54	22	86
27	96	2
60	62	49
86	1	25
32	88	74
58	73	31
55	53	5
6	53	98
70	41	54
58	46	96
70	60	22
12	85	69
3	92	47
47	58	48
41	83	14
20	62	100
44	7	95
86	18	30
63	32	71
43	3	49
92	9	35
58	78	91
95	72	19
91	20	93
94	96	79
69	21	58
12	43	30
96	93	54
27	61	99
75	62	38
20	32	12
4	30	44
4	6	93
96	87	77
53	55	68
65	27	19
49	44	89
54	7	13
2	51	24
81	75	12
54	14	72
50	96	48
9	25	66
83	98	12
3	29	79
7	55	48
67	71	67
62	47	39
33	4	74
42	7	64
89	70	35
9	89	17
34	59	48
87	5	55
35	97	37
39	70	59
53	90	53
56	76	28
73	50	94
98	17	57
97	24	96
59	20	74
27	51	75
19	25	8
96	49	83
98	91	64
45	23	66
20	52	49
54	80	50
24	60	12
26	33	68
30	28	70
88	42	60
63	55	63
84	77	17
69	20	85
94	4	47
24	74	59
45	23	4
81	52	9
6	46	48
77	56	60
88	47	50
14	6	32
58	18	77
5	41	36
9	28	31
80	3	70
79	68	25
30	39	41
89	28	46
31	93	67
56	34	74
57	76	14
3	85	50
79	2	43
77	3	10
74	70	41
25	69	63
45	77	55
85	70	5
19	24	11
55	18	18
3	85	58
66	52	99
52	1	11
36	96	85
48	70	98
99	53	33
35	52	36
60	80	81
17	7	56
57	13	19
