1.2698877275602989	-4.269283092852853
1.1630394832441304	-2.9395731143364046
1.2054166050728718	-3.6491993918261785
0.6226805542550142	-2.8177214351443176
0.4975588915159854	-3.3761194038396125
0.7574012750016172	-3.7469147178322646
-1.634701475208613	-3.2566511382419514
2.025848779130908	-3.027490721137869
-2.0004500452115854	-4.09595683645247
1.762169830655778	-3.425523980867942
1.5942587743112107	-3.3142867012076858
0.8408207864173943	-2.8843173391674513
1.313558110271459	-2.908221067043881
-1.6286895531653705	-3.5948344038439672
-1.0830840441402825	-3.3782228031774992
-2.0059759341049572	-3.98586766540175
1.8941211681122574	-3.145469547924898
0.6760581140742495	-3.803108829113241
-1.6991313200042555	-3.9687466005183434
-1.7234465051819456	-3.6467730419323487
2.1721586822300334	-3.5971919372586827
0.968918327654555	-2.620095158844685
-1.6487696047098845	-3.3888809057924476
1.4970060182295253	-3.1577421948757496
1.689352926927407	-3.6418457826994226
0.8759422194434687	-2.8000794674409546
-1.715455075098103	-4.039025302495858
-2.0286590290287148	-3.7976738863694726
0.7310997720605711	-3.2842838426204883
-2.367632679106325	-3.984774283676628
1.6500247488634086	-3.261952512527594
-1.449051981960052	-3.6684226696305826
-0.9156926059660245	-3.823678447220665
0.6820046391717843	-3.098019007984552
-2.3341000948453225	-3.6490255513371306
1.0934117851707255	-3.3347484045773186
-2.6362151752071443	-3.609816927300647
1.2479772230244708	-2.6249481632327245
-1.2065858190136507	-3.4674575226383584
0.8635105994321662	-3.181707716280744
-2.14174035690135	-4.162949605256949
-2.3575753874755403	-4.001797114325458
-1.728466241021995	-3.691817310383531
-2.4108007377328917	-3.5445384976567413
-1.6229589874415424	-4.392779916633637
1.8562333901349803	-3.6027023192214616
1.0506836433050548	-4.246673291823565
-2.623700234368136	-3.7176949150284346
0.8537556329103777	-3.039951004947195
-2.2828293597480354	-3.4248732040459364
-1.8560779929564106	-3.241406790689751
1.5597338599535817	-3.658249324121744
-1.216781039240024	-4.146352870060321
-1.711083780246344	-3.971327864580022
1.4009317981612817	-3.326087688523034
0.6689465908893066	-2.8038118057031327
0.5933449914757241	-3.464397695250174
0.989576802553767	-3.1254673214087543
-1.6247338209180322	-4.216749932856587
1.7303534717769522	-3.0933405081261562
0.8910372240622343	-4.027608883657832
0.6846565387758217	-3.5947432452540764
-1.5906906458889039	-3.6329306782721624
1.6417127606487751	-3.6176468890989133
-1.728466241021995	-3.691817310383531
-1.0017667071232603	-3.422150691428494
-1.627955075951457	-3.804693344267079
1.464376206509311	-2.795489871123688
0.5131147625268973	-3.546158880785459
1.641460841825468	-3.4244154177397212
1.1838908981850484	-2.7134611895204173
1.3341705991815966	-3.567745916373677
0.884655815756986	-3.6810547022480353
1.8725236052201342	-3.2513849973121136
1.552367103377305	-3.5476013875250443
0.7256704939510894	-3.4200780546237253
-1.7347910939730542	-3.9940037565986124
1.3110246281196551	-3.6899117669641304
1.2318788488012173	-2.87551083980689
0.8747562804415426	-3.869721400032155
-2.386063902972128	-3.7367859443625977
1.2641750846438073	-2.597765899794025
1.5690096118122265	-3.5701749834708507
1.572748910706054	-3.6874403091985553
-2.2689446132758255	-3.3950457731513404
-1.8813736094074045	-3.6203021521292986
1.1531366189677419	-3.3528823639562795
1.222276120287548	-2.5613652136396676
-1.9199171866397369	-4.017186633218316
-1.7809863215531483	-2.944328506311491
0.5309568200602415	-3.5893556656040846
1.2670502379890165	-3.427308558114241
1.4053682887453638	-4.168175365306532
-1.0969879837847691	-3.410537676409534
1.6521812432415799	-3.0626032404917276
0.9340524092048894	-3.315420377180797
0.8691486582048259	-2.8124885843985163
-1.799981597135487	-3.6959559657435928
-1.3017142150100458	-3.824462116809127
1.7491969407923875	-3.2249837084307553
1.4046055969851818	-3.275200062307119
1.3418520511370398	-3.625989946091979
0.8571011985715451	-3.288534228536126
-2.2668060210918757	-4.073885135278077
1.2586175443412206	-3.4288275369896946
2.1405191298170423	-3.403035394332806
1.6115094017550928	-4.117051808933627
-1.496798259014232	-2.99337822270071
1.4273771459798987	-3.470481692195647
-1.7337923421193837	-2.8219770666590147
1.8270852138314746	-4.050946285854883
1.1897494467040557	-3.1673689431303136
-1.8393025386686825	-2.855416507959227
-1.7252222274813878	-3.137128671534195
1.8640975071712782	-4.038818124978901
-2.0155979948016243	-3.919071618870168
-1.9888976479641602	-3.976189659773818
-1.1241003050612948	-3.82682691754514
0.7674574055101626	-2.6964910964702975
-1.324040173338312	-3.9663439858701937
-2.2111643240212686	-3.3708489581632834
0.640350898609067	-3.2029906277696254
-1.230896337949642	-3.680210502314799
-1.6964656912623464	-3.6068334011633802
-1.581656397224828	-3.7970244079044564
-1.469170982222093	-3.8355332133623405
1.3672603404755777	-3.7296570215271343
-1.8267887977403627	-3.815487306390449
-1.785122207022636	-4.238390228055243
1.0112939081095726	-3.6294032221750556
0.8105308636457098	-3.2595337067390338
-1.8716118216109783	-3.7349429929963383
-1.3503953756656675	-3.69536443188837
-1.411945070525697	-3.3372969304938866
-1.5311915158665854	-3.514413982198193
-1.5198181064799516	-3.924410137384232
-1.2457441131793718	-3.4842240619361156
1.078536325823479	-3.0072251036008177
1.2033085860498098	-3.3080090662605155
-1.8673718698711899	-3.4219698073263496
-0.8379690260929323	-3.844168093071969
1.29601825340535	-3.0429064118588647
-2.1069866005632543	-3.8523851531721167
-2.061158192725247	-3.1787692502511566
0.34696603293367334	-3.4668911312945054
1.584119603688769	-3.221009929988111
-1.8880534668404163	-3.074481675079907
-1.2383447579613591	-3.2018242354435174
1.2061340269875702	-3.720948494042361
-1.3803082231066393	-3.9408168913592023
-1.8947869623339793	-3.9186066120196728
1.311052367451681	-2.838640189057029
-0.8065410740991273	-3.7746455904169056
-1.6841501476483407	-2.8848805000916897
1.453530581374982	-3.0097269968612315
-1.56024575961763	-3.045899176945612
0.5778756964305246	-2.992446284130705
1.328137822021422	-3.984175615088162
-1.7848462468247686	-4.313502891401813
-2.1203344065420975	-3.0903411022655654
-2.487025230230193	-3.698118815589228
-2.3061609212429164	-3.85943413502473
-1.9725721551208801	-3.662657570102303
1.4699857054938517	-3.092062121694786
1.4195687549449738	-2.908760876453272
0.28171901816781586	-3.351277166284622
1.8611862402373056	-3.646448871236951
-1.8049150266056537	-3.621739109115435
1.2033085860498098	-3.3080090662605155
1.7892301406644986	-3.274865496612983
1.9261610300296066	-3.2586033586898857
1.4546874095775344	-4.163467043270442
1.4188025933181025	-3.404470183412365
-1.7731029844593285	-4.151084950004459
1.292420233077365	-3.6682867508854446
1.512713696713552	-3.5211198673687747
-0.7924550959426323	-3.7034295724388357
-1.235618394572683	-3.5259109652628036
1.2957701062302782	-3.2575840525534856
-0.8266007357487174	-3.717460841903674
-2.1669651021996494	-3.3954905800488917
0.574154514396946	-3.052879525588516
1.2866312006412095	-2.621352845060702
-2.1264771716728488	-3.6647519810973264
-2.100161057373794	-3.296208516550891
-1.7880202899661843	-4.196051890506274
1.5321653823852284	-3.163068212527049
0.8958684037451954	-2.922152860240359
1.4176143210716583	-3.6034888211355725
0.9754257535551043	-4.119589300646298
-2.331880687607826	-3.692931528652186
-1.6079988587869527	-3.4740311699358952
1.1384220303253971	-2.4492432454634843
-2.282889227243953	-3.7055776895473027
0.6449924593714854	-3.308487460691925
-1.36891615082553	-3.8416915850376747
1.2643279300451635	-3.2068517657981914
1.3004960634188232	-3.0516132014508597
1.7407236562907364	-2.620587457367761
1.3698121334017113	-3.091319522325139
-1.9847621667967896	-3.6894792661113747
1.519962995228577	-3.0198808695168613
-1.5910179371494546	-3.489356515343647
-1.620112806420518	-3.7599040502983607
-1.0927698883164796	-4.3030431364462665
1.298804150596274	-2.8994087733560034
-1.1244276965995856	-3.7222703221729616
-1.911462892743822	-3.17907115342571
1.1961938829889343	-4.106015122048417
1.246217882663842	-3.2094473880560863
1.6892711930236746	-2.81414913495452
0.7734369097904726	-3.612406704156388
1.3616364843087072	-4.068719787015549
1.0359455921837406	-3.4417167584960464
1.0325312539783527	-3.5314205018756235
1.1971517337586626	-3.9618612454787097
1.4269426874461257	-3.245545964635733
-2.1093413942490375	-3.971997059456788
-2.0534445695400834	-3.2086956740708223
-1.4808777220687162	-3.987257979921498
0.9475545086096526	-3.6169628978051254
0.6626227024932079	-3.604957581632247
